0.0034904812874511186,-3.046096872169736e-05
0.003490481287451118,-3.0460968721697365e-05
0.0034904812874511177,-3.0460968721697368e-05
0.0034904812874511173,-3.046096872169737e-05
0.006979899343043031,-0.00012183449873997923
0.006979899343043031,-0.00012183449873997923
0.01395696353196563,-0.0003654786438355689
0.01395696353196563,-0.00036547864383556887
0.017444255446700245,-0.0005177369443922855
0.017444255446700245,-0.0005177369443922857
0.017444255446700245,-0.0005177369443922859
0.024418839284674684,-0.0008222533508168554
0.024418839284674684,-0.0008222533508168555
0.02790613120365946,-0.0009745115540290338
0.03139342311839835,-0.001126769854583732
0.03139342311839835,-0.001126769854583732
0.03836517249255906,-0.001492143402623656
0.045336921866719754,-0.0018575169506635798
0.048821025377755095,-0.0020706136729995426
0.052305128892130494,-0.0022837103407541185
0.05578923240500927,-0.0024968070329097723
0.06275354331814993,-0.0029837984813928667
0.06971785423128571,-0.003470789929875623
0.07319770805590366,-0.0037446600596507847
0.08015741570895406,-0.004292400270625812
0.08711216675536164,-0.004900861484023775
0.09058671089090443,-0.005235421701090815
0.0975297835940979,-0.005965167275901319
0.10446613573600333,-0.006755464003802681
0.10793431180696023,-0.007150612367753815
0.11485581493548215,-0.008061844718157218
0.1252299419241382,-0.009489071621599758
0.12868221480862824,-0.01000501679280892
0.13558676059375613,-0.011036907027145633
0.14248212616653477,-0.01212902459569099
0.14592486877733574,-0.012705141601573102
0.15281035400698012,-0.013857375565226529
0.15967468128843712,-0.015129602324813439
0.16997117221058983,-0.01703794246418772
0.17682422305239046,-0.018370039054352666
0.18024476229239522,-0.019065954851162782
0.18707352113079936,-0.020517450594440195
0.19390227996918905,-0.021968946337714554
0.200718025751359,-0.023479959040357386
0.2075200670940754,-0.025050332258506166
0.21430840402014276,-0.026680065897122174
0.2244617766437139,-0.02924297669881545
0.23122063694831776,-0.030990934746795238
0.2379640718682778,-0.032797830606010644
0.24132773427985965,-0.033730655707307725
0.2514187215194974,-0.036529130993463776
0.2581292539173064,-0.03845334340642889
0.2614761239738423,-0.039444730471784824
0.278175528444189,-0.0445183930540182
0.2815045867247686,-0.04556803987709504
0.28816270330062443,-0.04766733347660931
0.2948208198764882,-0.04976662707612603
0.3014789364523441,-0.051865920675640234
0.3180297623007926,-0.05740374327043544
0.31802976230079255,-0.05740374327043545
0.3312316938024752,-0.06194952739286694
0.34112305775643775,-0.06538760920410507
0.34770385422776723,-0.06771798852036527
0.36082444027263394,-0.0724934854057577
0.36738473329506277,-0.07488123384845229
0.37394502631749604,-0.0772689822911485
0.38373220994782037,-0.0809932975298175
0.38700177169564076,-0.08221573503982793
0.396788955358533,-0.08594005019286466
0.4098020360878433,-0.09100055338573984
0.4130497654361487,-0.09227986631416976
0.41954522415064077,-0.09483849212562473
0.4324911553615481,-0.10006898098852995
0.4389409706086341,-0.10274057849436276
0.44216587823217873,-0.10407637724727989
0.455018553135593,-0.10953200704502214
0.4614448905873078,-0.1122598219438965
0.467871228039015,-0.1149876368427676
0.4774986690521584,-0.11910732942219153
0.4871261101806153,-0.12322702173215501
0.49672942091623856,-0.127402654655775
0.5094849247440675,-0.13308176292744825
0.515862676657982,-0.13592131706328484
0.5222404285718962,-0.13876087119912142
0.5286181804858107,-0.1416004253349581
0.5349959323997205,-0.1444399794707927
0.5445500087974738,-0.14872706608021433
0.5509026577853725,-0.15162213098297517
0.5635310369038605,-0.1575780526977377
0.5666816147035338,-0.15908079918896056
0.5729827703501459,-0.16208629207231354
0.5824605717390003,-0.16653946714680803
0.5887617273384613,-0.16954496012901574
0.598213460737646,-0.17405319960232418
0.6044882285941848,-0.17711360407106097
0.6138868679031604,-0.18173151123236814
0.6232855072844147,-0.1863494182465693
0.6295332501889511,-0.18946442363235283
0.6388775223972519,-0.19419137447914167
0.648221794638502,-0.1989183252607475
0.6575660666739026,-0.2036452764493159
0.6637864673638988,-0.2068147247327999
0.6700068680538909,-0.20998417301628167
0.6762272687438904,-0.21315362129976728
0.688583834472918,-0.21965471705483122
0.6947762614087488,-0.22287828628770226
0.7040366136698808,-0.22776759742634112
0.7071328271631154,-0.2293793819941427
0.7225573182885727,-0.23754621952062502
0.7287214572531923,-0.24082374572046533
0.7348566821861872,-0.24415489641899663
0.7440884336172964,-0.24909799796809834
0.7563296581552041,-0.2558137543994447
0.7624356576669353,-0.25919836030389765
0.7746476566904119,-0.2659675721128118
0.7807238106992013,-0.26940528973008604
0.7868298102109396,-0.2727898956345431
0.7990119637314494,-0.2796122191562644
0.8080960407564062,-0.2848217327626699
0.8141420408317679,-0.28831238746552507
0.8232261179385003,-0.2935219009293196
0.8383561948781417,-0.3022220695175899
0.8413638109742048,-0.30399368824276607
0.8504174271826141,-0.30925596160713487
0.8624786593024796,-0.316289854013432
0.8714704342016807,-0.32165711323696716
0.8774545931425045,-0.3252527535049505
0.8834387520833329,-0.3288483937729369
0.8983833089889858,-0.3378635133260151
0.9013595481276284,-0.3396873521561487
0.9073437072692059,-0.343282992090012
0.9193120255523749,-0.3504742719577473
0.9252645038041253,-0.35412194965966814
0.9341612380856275,-0.3596453187886382
0.9400817333445983,-0.36334484890127894
0.9460022286035624,-0.3670443790139151
0.9519227238625333,-0.370743909126556
0.9637637143804612,-0.37814296935182895
0.9755721206508738,-0.3855935065126998
0.9814600316623225,-0.3893445135609341
0.9903244824270214,-0.3949195471976944
0.9962123934646665,-0.3986705542048096
1.0020674213269338,-0.40247284770977554
1.0138103602268396,-0.4100261482218518
1.0196653880891002,-0.41382844172681305
1.0313419661327987,-0.4214839291588492
1.043052021857328,-0.42908851616877697
1.0488735720387696,-0.4329417100958548
1.0547285999010372,-0.4367440036008206
1.0663379270239797,-0.4445010962510861
1.0750364790562197,-0.4503315919378249
1.0750364790562195,-0.45033159193782485
1.089522808183481,-0.46006598611930716
1.09822136014463,-0.46589648191209443
1.1097969141503743,-0.47370427917655916
1.11839238526456,-0.479685697380954
1.1212690933390377,-0.4816628008539449
1.1327412724969834,-0.48962132257601354
1.1414057575435252,-0.49550232472605327
1.1528432839091278,-0.5035109537784871
1.1585620470919222,-0.5075152683046992
1.1585620470919222,-0.5075152683046992
1.175718336640305,-0.5195282118833354
1.1814370998230992,-0.5235325264095474
1.1871558630059003,-0.5275368409357643
1.198593389371489,-0.535545469988189
1.2099956820530113,-0.543603800102893
1.2185562099851697,-0.5496351224233514
1.2271167380859425,-0.5556664445045101
1.2328355013527155,-0.5596707589107873
1.2356772661445934,-0.5616977666454379
1.2498150457057327,-0.5719317957026525
1.2554985751409506,-0.5759858113801902
1.2640591029786232,-0.5820171338347693
1.2725488749910034,-0.5881476524578942
1.2838804116246394,-0.5963051790532047
1.2895991747446383,-0.6003094936691129
1.2980889466607015,-0.6064400124256084
1.3094204835221144,-0.6145975387045163
1.3179810115280883,-0.6206288609202048
1.3265415393659645,-0.6266601833745048
1.3350313113252863,-0.6327907020710936
1.349239846149528,-0.6429255357404446
1.3520816108812388,-0.6449525435594475
1.3605713827971542,-0.6510830623161601
1.3691319107293092,-0.6571143846366359
1.3776216826452066,-0.6632449033933604
1.3832696899582,-0.6673484141534549
1.3946719827381828,-0.6754067441288409
1.4032325107440344,-0.6814380663447027
1.4145640473776595,-0.6895955929400288
1.4202828104976533,-0.6935999075559443
1.4316851030527709,-0.7016582378494858
1.440174874968832,-0.707788756605997
1.4487354029010933,-0.7138200789263086
1.454454165972273,-0.7178243936119378
1.4686627008847677,-0.727959227157563
1.4715044656342309,-0.729986234951678
1.4772232287892162,-0.7339905495176062
1.488660755099194,-0.7419991786494682
1.4972212829894653,-0.7480305010293783
1.5057110551302935,-0.7541610194746238
1.517148581538102,-0.7621696484667526
1.517148581538102,-0.7621696484667527
1.5285861079459102,-0.7701782774588815
1.5400236343537184,-0.7781869064510099
1.5457071638738245,-0.782240922009545
1.5514259270777286,-0.786245236505609
1.5571446902816395,-0.790249551001678
1.5743009798933174,-0.8022624944898469
1.5800197430972285,-0.8062668089859161
1.5914572695050362,-0.8142754379780446
1.6000527408180687,-0.8202568558966795
1.6086482119640542,-0.8262382740553861
1.6172436831517611,-0.832219692154117
1.6259081681060084,-0.8381006944401465
1.6345036392205532,-0.8440821126440261
1.6431681241748155,-0.8499631149300221
1.6518326092932982,-0.8558441169740935
1.6604280804391711,-0.8618255351329404
1.6748803428137276,-0.8716104354349765
1.6748803428137276,-0.8716104354349765
1.6922436738850886,-0.8833221312386151
1.6980314509088845,-0.8872260298398347
1.7038192279326843,-0.8911299284410562
1.7153947819802684,-0.8989377256434892
1.7269703360278528,-0.9067455228459224
1.738545890075451,-0.914553320048365
1.7501214441230248,-0.9223611172507912
1.7616969981706179,-0.9301689144532305
1.761696998170618,-0.9301689144532307
1.776250578268116,-0.9398017033381928
1.7821056060447402,-0.9436039969750415
1.7908041579456448,-0.9494344928577078
1.8024807360310988,-0.9570899802260324
1.8082685129939213,-0.960993878917659
1.8228220929409416,-0.9706266680299351
1.8315878955652984,-0.9763555590012735
1.837375672344189,-0.9802594579655827
1.846074224133546,-0.98608995401469
1.8577508018048472,-0.9937454420147033
1.8577508018048472,-0.9937454420147032
1.875315884836748,-1.0051523233839954
1.8840816875110566,-1.01088121427889
1.892780239422763,-1.0167117101454537
1.9044902948707105,-1.0243162975812634
1.9103453225946914,-1.0281185912991733
1.9220553780426384,-1.0357231787349828
1.9279104057666154,-1.0395254724528904
1.9396204612145707,-1.047130059888705
1.9512970389798434,-1.0547855477454107
1.9571520667038238,-1.05858784146332
1.9630070944277975,-1.0623901351812253
1.9747171498757445,-1.0699947226170348
1.9864272053236918,-1.077599310052844
1.9922822330476722,-1.0814016037707532
2.0039922884956187,-1.089006191206563
2.0098473162195987,-1.092808484924472
2.0215573716675466,-1.1004130723602812
2.0274123993915274,-1.104215366078191
2.0391224548394744,-1.1118199535140003
2.050930860890938,-1.1192704910218627
2.0567858886149177,-1.1230727847397721
2.071570834366017,-1.1323473489236193
2.080369817293159,-1.1380251466356324
2.0892342677388105,-1.1436001807796767
2.09809871809698,-1.1491752150628214
2.103953745715184,-1.1529775089436047
2.1127527287318233,-1.158655306516908
2.124528550116369,-1.1661573216154082
2.133327532974673,-1.171835119434102
2.1421919833528458,-1.177410153685439
2.1509909662112796,-1.1830879515039305
2.15978994915872,-1.188765749184471
2.1745094268465937,-1.19814307779945
2.1774533822221964,-1.200018581527824
2.1892943721750777,-1.2074176426573637
2.201135362127957,-1.2148167037869024
2.212976352080837,-1.2222157649164416
2.218896847057281,-1.225915295481214
2.2277612973962255,-1.231490329794927
2.2366257478228557,-1.2370653639692237
2.2454901982106357,-1.242640398205272
2.254354648754106,-1.2482154321937802
2.260275143808353,-1.2519149626340433
2.278036628971063,-1.2630135539548133
2.286933363101205,-1.2685369233276014
2.2929175220875337,-1.2721325635198597
2.307798415116864,-1.2812515732252343
2.310774654214956,-1.2830754121215422
2.3256555474355123,-1.2921944215148324
2.3345522818349083,-1.2977177904539208
2.3465206001582386,-1.304909070254784
2.352504759319912,-1.3085047101552199
2.370457236804891,-1.3192916298565063
2.376441395966563,-1.3228872697569418
2.3824255551282323,-1.326482909657376
2.3943938734515626,-1.3336741894582398
2.4063621917748925,-1.3408654692591029
2.4123463509365655,-1.344461109159539
2.424314669259896,-1.3516523889604026
2.4333064446386037,-1.3570196473806218
2.4423600610228204,-1.3622819204425403
2.457335995375168,-1.3712448190773272
2.4663896115661634,-1.3765070924716705
2.4723737705518407,-1.3801027326650037
2.4814273868255063,-1.385365005917116
2.487473386914026,-1.3888556605971738
2.499565387091065,-1.3958369699572888
2.511626619384594,-1.4028708620658006
2.517672619473109,-1.4063615167458556
2.5297646196501464,-1.4133428261059706
2.5388486967765274,-1.4185523395355182
2.5479327738212607,-1.4237618531074232
2.5570768504992736,-1.4288653175304786
2.569259004188707,-1.435687640750567
2.5784030808312024,-1.4407911052372508
2.5814411579051573,-1.442509963922946
2.593653157155324,-1.449279175322839
2.6028267693492912,-1.4543293561834973
2.612058521006325,-1.4592724573106781
2.621232133200005,-1.4643226381718593
2.6304057453143503,-1.4693728191771345
2.6396374971093928,-1.4743159200465694
2.6458016362638284,-1.4775934458894184
2.658129914572691,-1.4841484975751118
2.6642651396986037,-1.4874796479183243
2.6704292788530375,-1.4907571737611733
2.6827575571619082,-1.4973122254468714
2.6951703854922946,-1.503705241595189
2.7044307382922863,-1.50859455171324
2.7136910910581222,-1.5134838618959559
2.716787304737387,-1.5150956461063931
2.729228106904159,-1.5214345411291719
2.735448507987553,-1.524603988640566
2.747861336406887,-1.5309970046162096
2.7540817374902846,-1.534166452127605
2.7665498817999583,-1.5404509043794574
2.7727702828833567,-1.5436203518908531
2.7821145555798794,-1.5483473017724707
2.7915131951639243,-1.5529652083739411
2.7946370667336082,-1.5545227108313402
2.810256107330775,-1.5623100650791706
2.8196547470840474,-1.5669279713362
2.822778618642829,-1.5684854738154677
2.8321772582994083,-1.5731033802692942
2.844726794302651,-1.5792241886118397
2.8573027181301427,-1.5852900852906315
2.8636038739560172,-1.5882955777981538
2.8636038739560177,-1.588295577798154
2.8825070215249933,-1.5973119027323586
2.891984823179457,-1.6017650772415521
2.8983120468744956,-1.6047155055966777
2.904639270569538,-1.6076659339518051
2.914168244310269,-1.6120085307378795
2.926923748357785,-1.6176876385161005
2.93330150038155,-1.6205271924052143
2.9428803560984336,-1.6247586236719924
2.9557330312798196,-1.6302142528148968
2.962159368870508,-1.6329420673863466
2.962159368870508,-1.6329420673863464
2.9718106141621137,-1.6370056805239293
2.978260429521975,-1.6396772777574962
2.991228854060327,-1.6448511474529688
3.0009942056273817,-1.6486323372369316
3.0009942056273817,-1.6486323372369318
3.014029449799299,-1.653636091631522
3.0205685734364924,-1.6560809662729172
3.03039842845335,-1.6596911515532504
3.0369587216350116,-1.662078899558457
3.0468299165751076,-1.665574467874563
3.0534308824775516,-1.6678473594955108
3.060031848379994,-1.670120251116459
3.0699430467809368,-1.6735007294358182
3.0799483726278947,-1.6765915128489215
3.086624640059894,-1.6786326498708326
3.0866246400598936,-1.6786326498708324
3.0999771749238825,-1.6827149239146515
3.1100003125131424,-1.6857474476618417
3.1167111858163645,-1.6876717570636615
3.12678572159028,-1.6905288913535457
3.133513046450367,-1.6923945414229746
3.1436359115756902,-1.6950754161058026
3.157183796634174,-1.6984532792032714
3.163957739163416,-1.7001422107520054
3.1707460761217914,-1.7017719442560544
3.180942631345798,-1.704157263726155
3.187758377155422,-1.705668276304964
3.1911662500602356,-1.7064237825943689
3.2048107547138596,-1.7093862908878743
3.2150600528356925,-1.7115337022179322
3.2219131037086286,-1.7128657986479214
3.2287661545815554,-1.7141978950779095
3.2390626456680884,-1.716106234330489
3.245948130964807,-1.7172584678933474
3.249390873613167,-1.7178345846747773
3.2631816048859377,-1.7200188190086119
3.2700769705223287,-1.7211109361755292
3.2769723361587184,-1.7222030533424477
3.287329154926565,-1.7237508880907098
3.2977191860006005,-1.7250573113341896
3.3046484654585204,-1.7259081188094063
3.3115777449164328,-1.726758926284622
3.3150459210035015,-1.7271540745071545
3.332399890052,-1.7290086763863777
3.3393546411019983,-1.7296171375587253
3.3463093921520017,-1.7302255987310728
3.353264143202008,-1.7308340599034207
3.3636987480801497,-1.731716391160716
3.374147162501576,-1.7324164793613184
3.3811153695209457,-1.7328426728502184
3.3950617027224435,-1.7335125630390318
3.405526058826364,-1.7339084654778
3.4055260588263643,-1.7339084654778
3.422969605252496,-1.734487127505844
3.429949858970245,-1.7346089683923747
3.4369301126879988,-1.7347308092789056
3.4474008476927365,-1.734883111186483
3.4578726459894606,-1.7348526506672046
3.464853608568685,-1.7347917292245219
3.4753232803564122,-1.7345785155571891
3.482300344555774,-1.734334871711191
3.489277408755142,-1.7340912278651934
3.503231537153876,-1.7336039401731975
3.5067188290751417,-1.7334516820221366
3.5206623278547715,-1.7327209355234676
3.5311107422911014,-1.732020847545259
3.5415549070548593,-1.7312599863240083
3.5485096581347806,-1.730651525493585
3.562401819174632,-1.7292526601407094
3.565876363328596,-1.7289181001149745
3.572819436080943,-1.728188355007799
3.5901461711395575,-1.726091592295326
3.5970754506438296,-1.7252407851976903
3.607465481752595,-1.7239343622304208
3.614378857289945,-1.7229627523059117
3.6178311302263,-1.7224468074817338
3.6247264958993872,-1.7213546905465427
3.6385073468998903,-1.7191103402320365
3.6454027125729844,-1.718018223296843
3.652277618931412,-1.7168059935186615
3.6659949972736783,-1.7142016713328732
3.665994997273678,-1.7142016713328727
3.679701099099665,-1.7115374788851392
3.6899503972522996,-1.7093900677021296
3.693358270183731,-1.7086345615327896
3.7035818889939143,-1.7063680430965043
3.713792148652368,-1.7040420841292232
3.7239602597275083,-1.7015382860993513
3.730734202313503,-1.6998493547782567
3.740872492837031,-1.6972274179638958
3.750979590314727,-1.6944876975425962
3.76441778862714,-1.6906977386049682
3.7744409261858354,-1.6876652147567295
3.774440926185835,-1.687665214756729
3.7811171936292776,-1.6856240777722333
3.7977621472705594,-1.6803759510934952
3.8043826122529327,-1.6781607776529044
3.8076928447441194,-1.6770531909326074
3.817584208928584,-1.6736151097845542
3.824144502148717,-1.6712273618850162
3.8307047953688396,-1.6688396139854813
3.8405134808582244,-1.6651723021132414
3.8502788324600825,-1.6613911124191607
3.856774291377627,-1.6588324871231774
3.8664490145662636,-1.654825091632211
3.8728753523344968,-1.6520972774790164
3.8793016901027326,-1.6493694633258225
3.885679118396507,-1.6465300537340322
3.898358991540124,-1.6406845614797883
3.8983589915401238,-1.6406845614797885
3.907836793343891,-1.6362313872883791
3.9141115615335402,-1.6331709835026036
3.9234558342568175,-1.6284440336738524
3.9296762354466077,-1.6252745863712816
3.938992850358478,-1.6204933549405263
3.94819568842396,-1.6154966301193583
3.9543016883866677,-1.6121120250284808
3.954301688386668,-1.612112025028481
3.96949176606845,-1.6035179075415869
3.9785146151293582,-1.5982030526779252
3.9874750140816655,-1.5927835750254025
3.993395509762765,-1.589084045588317
4.002259961163594,-1.5835090129630307
4.013970017821896,-1.5759044273910081
4.019825046151053,-1.572102134604995
4.0285235988992305,-1.5662716399863674
4.034311376381681,-1.5623677420651387
4.042906848230663,-1.5563863249166572
4.051467376777123,-1.5503550034681226
4.0571509068657,-1.5463009887065633
4.062798914725602,-1.5421974786992247
4.071216782944741,-1.5359685958103606
4.082367846212971,-1.527565683419363
4.082367846212971,-1.5275656834193627
4.093518909481204,-1.519162771028366
4.101789558853595,-1.5127396996159121
4.1100227011617605,-1.5062686212557024
4.112754486478397,-1.5040956655560818
4.118218057081284,-1.4997497541186522
4.126375349061555,-1.4931833186351287
4.131800855809276,-1.4887898389554013
4.139881193706534,-1.482128936098877
4.145229197455518,-1.477641437567785
4.153152355238926,-1.4707943171401876
4.158421226844725,-1.4662141665785438
4.1636900984505285,-1.4616340160168981
4.1689187342228955,-1.4570081195724605
4.174147369995256,-1.452382223128027
4.181949822363435,-1.4453978674345438
4.18713795687786,-1.4407264599993128
4.194817327129915,-1.4336069965404283
4.202371276209231,-1.4263545941303464
4.202371276209231,-1.4263545941303464
4.2073932206953195,-1.4215049693258452
4.21490485000248,-1.4142087434136021
4.222287998668682,-1.406782532860213
4.227137634676086,-1.4017605991926483
4.2367928369545185,-1.3916746668314244
4.239195620090036,-1.3891426674845913
4.246315100398939,-1.3814633128540479
4.248673328187118,-1.3788897648774718
4.253344509907383,-1.373701904065104
4.262504834540325,-1.3631641812901392
4.262504834540325,-1.363164181290139
4.2715722794564535,-1.3525475976452073
4.276012893660208,-1.347160715852544
4.280406385727507,-1.3417352191360759
4.286972839707912,-1.3335779420454197
4.291270974804765,-1.3280765947690771
4.297694064797987,-1.3198059598267347
4.2998190197716895,-1.317036672220071
4.304020275306373,-1.311461433175459
4.312276399477355,-1.300201531918981
4.3163799223112145,-1.2945535333781029
4.3184069361455935,-1.291711772937124
4.322411262916781,-1.2859930183283592
4.330419916459168,-1.2745555091108183
4.33239702605649,-1.2716788052454835
4.338227540231156,-1.2629802656054243
4.342080746622773,-1.2571587236740864
4.345883052663952,-1.2513037039529469
4.349685358705135,-1.2454486842318007
4.355363174553184,-1.236649713007495
4.359114194331569,-1.230761810106048
4.3646375824475,-1.2218650876122807
4.371828888379294,-1.2098967849899904
4.371828888379294,-1.2098967849899904
4.379020194311077,-1.1979284823677168
4.3843874723634135,-1.188936718707589
4.387878139948193,-1.182890726069626
4.394859475117746,-1.170798740793702
4.398350142702527,-1.164752748155729
4.403453626754918,-1.1556086824332237
4.406838245743767,-1.149502690174291
4.410222864732614,-1.1433966979153665
4.418550604794793,-1.1280589646795218
4.421828144203112,-1.1218948327379843
4.425159308048166,-1.1157596149429811
4.430048638545546,-1.1064992729029721
4.434829891181991,-1.0971826688737591
4.439611143672402,-1.0878660647696072
4.442780605209534,-1.081645670832692
4.44589562403739,-1.0753979346301237
4.45357396939051,-1.0597245439854186
4.45357396939051,-1.0597245439854184
4.456634387633572,-1.0534497828470764
4.462755224119694,-1.0409002605704043
4.464257977438939,-1.0377496860275321
4.467208419894953,-1.031422468907866
4.473109304806986,-1.0187680346685146
4.47455684414779,-1.0155917133142578
4.477396412172568,-1.009213967584113
4.481627864669954,-0.9996351212457978
4.485803518239037,-0.9900318194870824
4.4899232311287705,-0.9804043871649772
4.492651059764266,-0.973978055544126
4.49398686538811,-0.9707531507666192
4.496602123712371,-0.9642801907742282
4.499217382036638,-0.95780723078183
4.501832640360903,-0.9513342707894358
4.506836295901118,-0.9382993683201155
4.508058740571854,-0.9350298092495872
4.511783076938064,-0.9252426336589422
4.514113470506345,-0.9186618422345347
4.515278667290486,-0.9153714465223288
4.519824479842489,-0.9021695248097552
4.522097386118492,-0.8955685639534601
4.52320498016608,-0.8922583339139589
4.528453143427117,-0.8756133918070438
4.530494295271259,-0.8689371289066713
4.532535447115404,-0.8622608660062925
4.533526841271199,-0.8589139980500465
4.5354511654311285,-0.8522031289786647
4.540173986446704,-0.8354012786494174
4.541980897001904,-0.8286578476672475
4.543787807557107,-0.8219144166850745
4.546350740201583,-0.8117610495750869
4.548854561021631,-0.8015929441118359
4.549669435343945,-0.7981987774501184
4.552054777485057,-0.7880022275296609
4.553625245517457,-0.7811998443204482
4.555832270311716,-0.7709632174850009
4.557979704645329,-0.7607139241828581
4.5600077399757,-0.7504403386301269
4.562035775019112,-0.7401667530207497
4.5633678869137375,-0.7333137051538485
4.566428621404616,-0.7161310375483769
4.566428621404615,-0.7161310375483771
4.567640928427845,-0.7092557849095901
4.570005484552226,-0.6954950495743226
4.571217791575457,-0.6886197969355263
4.572886048805622,-0.67828169240788
4.575070314549827,-0.6644909661100542
4.575070314549826,-0.6644909661100543
4.577254580294035,-0.6507002398122284
4.57777053307317,-0.6472479680647578
4.579894571599339,-0.6334480614356532
4.581837823404859,-0.619621314852207
4.581837823404859,-0.619621314852207
4.583781075210379,-0.6057945682687474
4.584752701113143,-0.598881194977011
4.586059147803414,-0.588491166851159
4.586909970915795,-0.5815618893132575
4.588611617140562,-0.5677033342374718
4.589462440252946,-0.5607740566995744
4.591559242526807,-0.5434473264284692
4.592805222142003,-0.5330498737496063
4.593930139441961,-0.5226386274995685
4.594325295642529,-0.5191704523214883
4.595450213033564,-0.5087592060812994
4.596909735850352,-0.49487306400330855
4.597639497258748,-0.4879299929643137
4.599099020075538,-0.47404385088630574
4.599099020075538,-0.47404385088630574
4.600163349570138,-0.46362623646948353
4.601440962925361,-0.44972240006555503
4.6020494399990595,-0.44276765040676175
4.603266394146462,-0.42885815108915576
4.60387487122016,-0.42190340143035976
4.604635756543428,-0.4114592384224653
4.605518111821702,-0.4010246355755137
4.606065867903486,-0.39406492917154146
4.607222101058175,-0.3801504731087023
4.607982986380248,-0.3697063101007274
4.608469993855978,-0.3627420003083383
4.608957001331703,-0.35577769051594843
4.609444008807429,-0.3488133807235562
4.610357225508839,-0.3348808648743308
4.610844232984566,-0.3279165550819463
4.611331240460292,-0.32095224528955185
4.611970554298819,-0.3104999362043017
4.612549048705259,-0.3000440846544558
4.612762153415403,-0.29655998163198516
4.6134320755867915,-0.282613649966755
4.613736608177853,-0.2756390668354351
4.61440653034924,-0.26169273517019415
4.614771919929568,-0.254720986636258
4.615167846365827,-0.24425663144028054
4.6154115067013635,-0.23727956781675602
4.6156551670369,-0.2303025041932372
4.6161120656195145,-0.21285576928259192
4.616203447289228,-0.20936635144015567
4.616416685664056,-0.19889668015562156
4.616721305873196,-0.18493759103201432
4.616843162742884,-0.17795733759326793
4.617086876482264,-0.1639968307157896
4.617208733351958,-0.1570165772770436
4.617239202365394,-0.15352609605980486
4.61730017290128,-0.13258249961041363
4.617300172901279,-0.13258249961041366
4.617269736231779,-0.1221107012443281
4.617087006006142,-0.10814948452453926
4.616965181470277,-0.10116923052140726
4.616843356934409,-0.09418897651826956
4.616508363217015,-0.08372249350725709
4.616325632399856,-0.07674365697075809
4.6160820043835455,-0.06976659221862481
4.615533875889172,-0.05581494293311291
4.615016268169762,-0.04535590045019342
4.614650910799109,-0.03838415022822828
4.613950846617954,-0.02793573419742386
4.613463871269325,-0.020971422158490582
4.612976895920692,-0.01400711011955567
4.612429171750353,-0.0070474012041008135
4.611059889132366,0.01035151774131668
4.611059889132367,0.010351517741316764
4.609842999152511,0.0242610226728174
4.609508447040573,0.027735567588788354
4.607714473031774,0.04509590880438008
4.606863681776821,0.052025190253875093
4.60601289052187,0.05895447170336223
4.605162099266918,0.06588375315285946
4.602763302686746,0.08317126126218967
4.601791708676895,0.09008463903617425
4.601791708676895,0.09008463903617434
4.600304177790038,0.10045029093420536
4.598180203310535,0.1142502074210204
4.597088102392596,0.1211455756309714
4.594903900556718,0.13493631205087728
4.593115516509995,0.14525431427572363
4.591903241347786,0.15212957253246015
4.5906909661855755,0.15900483078920408
4.588722780837194,0.16929004998205222
4.587450570988234,0.17615438039768477
4.586118490850859,0.183007434437551
4.582639023589139,0.20010979167074344
4.581187544240305,0.20693855399386887
4.5797360648914704,0.21376731631698645
4.578284585542633,0.22059607864011188
4.576077608024077,0.23083271566811553
4.572936735170412,0.24443749667995116
4.5721218765471825,0.24783166711068058
4.568803244069908,0.2613939545694169
4.567114328791642,0.2681679011553125
4.562862527300539,0.2850952265714564
4.561055647771443,0.29183866586703594
4.5592487682423535,0.29858210516260114
4.556509071757518,0.3086892091287072
4.553593399413456,0.3187469594831722
4.550677727227147,0.32880470988336685
4.548694969479606,0.335498454849326
4.545662469245963,0.3455215995526333
4.543621348072667,0.35219787183001416
4.5405305881315705,0.3622032049277695
4.536215933866161,0.37548247099306303
4.53405860673345,0.38212210402571617
4.530678151664953,0.39203331035696476
4.526132399600346,0.4052352528969704
4.524967217840296,0.40852565392947987
4.518855193512521,0.42487314529585635
4.5163533317073,0.4313907732902575
4.512572164712649,0.4411561336813991
4.507341707172446,0.4541020775474634
4.5047264784023415,0.46057504948049427
4.4994396677317505,0.4734978431245156
4.499439667731751,0.47349784312451587
4.492760848616276,0.48962206994566376
4.489977108879589,0.4960242838621965
4.48585743979568,0.5056517349293166
4.481570376117845,0.515205821616845
4.475835787790904,0.5279362363529342
4.474388262991173,0.5311125643339323
4.4684875857773765,0.5437667043508754
4.464034434195087,0.5532445167775745
4.459471306307249,0.5626698736031733
4.456356316256157,0.5689176241532804
4.448568999275952,0.5845366833312974
4.445399566661182,0.5907570920048645
4.442230134046409,0.5969775006784339
4.439060701431641,0.6031979093520073
4.434171413619123,0.6124582739288936
4.430893902796131,0.6186224210694968
4.422566233432793,0.6339601926916063
4.419181642759596,0.6400662006461231
4.415797052086398,0.6461722086006503
4.410640498395695,0.6552864524767389
4.40714985884836,0.6613324613020983
4.400168579753683,0.673424478952828
4.394801343257946,0.6824162674183765
4.389381886761974,0.6913766791666676
4.381982855846176,0.7032176879991109
4.37828334038828,0.7091381924153353
4.37260556509804,0.717937189810735
4.3707300689072035,0.7208811499882589
4.3612500146916515,0.7355351847136845
4.359323425019335,0.7384459646303423
4.3516679669176614,0.7501225619037702
4.3438601985478575,0.7616981353991356
4.337878801799306,0.7702936214439712
4.333874501547875,0.7760123946220394
4.327843200595617,0.7845729376091293
4.32373970402257,0.790220955229571
4.313358476737749,0.8042504753716642
4.3091570338910286,0.8098260170647709
4.300754148197601,0.820977100450973
4.298629206152861,0.8237463979783592
4.290081212574137,0.8347863603157382
4.285783103046202,0.8402877275686765
4.27718688399034,0.8512904620745416
4.2707158251697255,0.8595236197403857
4.261928891468015,0.8703746540129607
4.259708596884621,0.8730681052287125
4.250733624889741,0.8837641337605566
4.241758652894864,0.8944601622924011
4.23949168928628,0.8971144538148297
4.228249753776364,0.9104647739478527
4.225982790070545,0.9131190653872379
4.214463825022249,0.9262309171652362
4.205121034253336,0.9366072078951118
4.198001588631752,0.9442865946839113
4.195643372580442,0.9468601534153235
4.188613761171837,0.9546218575358428
4.179091302486041,0.9648335140733589
4.174330073143137,0.9699393423421224
4.162228075170081,0.9825152640468456
4.157378462214635,0.9875372199753837
4.154931866981198,0.9900269105690926
4.14256915426642,1.0023466303709043
4.135057558501487,1.0096428908154687
4.127545962621725,1.0169391511418162
4.117460053108325,1.0265943772872836
4.109822264092867,1.0337584310535528
4.104716468813389,1.0385196957731195
4.0996106735339035,1.0432809604926923
4.091931335813109,1.0504004590410876
4.081555109621473,1.0597433214869827
4.073671951686791,1.0666364563607074
4.06840310117706,1.071216631190546
4.063134250667326,1.0757968060203866
4.052596549647868,1.0849571556800583
4.044594290753179,1.0917116608427504
4.039246307767542,1.0961991841185905
4.031127385470972,1.102813002089534
4.020276412631897,1.1116000116552778
4.0148128620689505,1.1159459482862915
4.006579749464635,1.1224170644385059
4.001078412171804,1.1267152123136048
3.987232279712563,1.1373398031894106
3.9844263331265912,1.139416110306713
3.9788144399836476,1.1435687245805035
3.970324695134052,1.1496992808194821
3.958922438381238,1.1577576617719807
3.9502579793913717,1.1636387023111696
3.9502579793913712,1.1636387023111692
3.935771693546943,1.1733731609040612
3.929916682696717,1.177175480605192
3.9211177247189757,1.1828533169815136
3.912253299102264,1.1884283906040167
3.903388873329967,1.1940034639791457
3.8914522683193837,1.2012468349798582
3.88847603734735,1.2030706871366437
3.882491894305911,1.206666353865559
3.870400231924019,1.2136475394376918
3.861316178107517,1.218857093513563
3.8582781087126485,1.2205759657719504
3.8429403945572185,1.228903740975648
3.8367762701253434,1.2321812945074877
3.8244769355309947,1.2387900259416484
3.821380729125532,1.24040182412488
3.808939955565328,1.2467407752910138
3.7995957042008843,1.2514677673418428
3.7933209499252594,1.2545281996554785
3.783895624476566,1.259091392353225
3.7712412036240597,1.2649923059732135
3.764913993197803,1.2679427627832098
3.758586782771547,1.2708932195932054
3.745831627895936,1.276572240217341
3.7394294331069933,1.2793560239444073
3.729778206027001,1.2834196803350446
3.7233284026169824,1.2860913064179385
3.7168554485988996,1.288706579529032
3.7005946665668628,1.2950464675831026
3.6940770557110674,1.297548374035827
3.6875594448552675,1.3000502804885528
3.6777296060434486,1.3036605098918181
3.6646090412160226,1.3084360650712903
3.6613186481572715,1.3096012693484897
3.6481167367572294,1.3141471118499317
3.6448065092303836,1.3152547134069972
3.6315272726845613,1.3195694585238342
3.6215586007432954,1.3227764925332781
3.6082060841818557,1.326858826441677
3.608206084181856,1.3268588264416772
3.5914720954591672,1.3318157344280537
3.584761230813612,1.333740074022521
3.574686707894224,1.3365972536383905
3.5611998541408116,1.340211105391986
3.551046492854016,1.3427740611057044
3.547652328008267,1.3435889429919794
3.534061618596882,1.3467891899086868
3.5272592388655997,1.348359673005425
3.520456859134308,1.3499301561021653
3.5067997010114307,1.352833134427427
3.4999586287390203,1.3542249965320736
3.4931055838384135,1.3555571236866601
3.4828203780942393,1.3575253793130193
3.4690698781859277,1.3599500238095086
3.4621946282317637,1.361162346057754
3.4553193782776077,1.362374668305999
3.4449812774442727,1.3640429484295475
3.4311905559377553,1.3662272444240935
3.4242951951844747,1.3673193924213702
3.4208429245687686,1.3678353527731606
3.407008054278894,1.3697182565664066
3.3966180290188386,1.3710247260479005
3.3896887533369378,1.3718755642757314
3.3792775095093748,1.3730005039957986
3.37233444002023,1.373730280149581
3.365391370531078,1.3744600563033635
3.3480129941532235,1.3760722744339156
3.344533141545831,1.3763461600295919
3.330609127589611,1.3773809537189956
3.3236448188443286,1.37786797616841
3.3097048659428308,1.3786596047029205
3.299249015611556,1.3792381211335556
3.2887846612641134,1.37963406999617
3.2748330156859375,1.3801822928465322
3.267855952581639,1.3804259680492257
3.2608788894773397,1.3806696432519194
3.2434321555403227,1.3811265790111202
3.236451902361265,1.3812484507552796
3.225980104201058,1.3812789581736948
3.2189987871931613,1.3812789892500148
3.212017470185254,1.3812790203263345
3.201546734500387,1.3811267651846815
3.1875862259698637,1.3808831461541022
3.1840968075075677,1.3807917881567693
3.1701426769650323,1.38030456185952
3.1527065681079036,1.3795433632790484
3.1457348170972343,1.3791780209587388
3.1352789616210717,1.3785995975220242
3.1283146485308855,1.3781126372077261
3.1178623351165133,1.3774733941509147
3.114378230650999,1.3772603130347236
3.09696974944784,1.3760125374687473
3.0865255813034165,1.3752517226545222
3.076090972510712,1.3743694376926845
3.069141881256534,1.3737003482399073
3.0517695059252676,1.3720276585775222
3.044826429959758,1.3712979440423096
3.037883353994241,1.3705682295070958
3.027485892930023,1.369322319868092
3.013627326429003,1.3676207666953561
3.0032531930300133,1.3661935863876542
2.999792439412215,1.3657379858108478
2.9894183059933406,1.3643108056477684
2.9756003757337512,1.3623073671102175
2.965243550087827,1.3607595783849165
2.954905434382363,1.3590913904245976
2.941154912791421,1.3566668688966366
2.941154912791421,1.3566668688966366
2.9239722246782462,1.353606249536248
2.9033682976889716,1.3498495980181096
2.8965152408593613,1.348517532232977
2.8930946984911885,1.347821631811774
2.879437167826217,1.3449187014305533
2.8657796371612365,1.3420157710493315
2.862371760889964,1.3412602799452318
2.8487272429684376,1.338297832760583
2.835122455483101,1.335156987947159
2.8283200617404343,1.3335865655404475
2.8181519395752166,1.3310828125486875
2.804604039370682,1.327705010199397
2.794481162299569,1.3250241806237548
2.791101728211201,1.3241502168195443
2.774235408039248,1.3196625219189348
2.7675080747749043,1.3177969021545712
2.757400965047427,1.3150572269242944
2.743979201211321,1.311208668208279
2.7372683192932565,1.3092843888502683
2.7272451682126486,1.3062519096952183
2.7205688916428254,1.30421080256206
2.7105635520452545,1.3011200636620934
2.700594851418701,1.297913118818653
2.6839865133070173,1.292548860544504
2.6773468757110637,1.2903915474563972
2.6640676005191417,1.2860769212801788
2.6574471256398997,1.2838617774184917
2.6541368882002754,1.2827542054876473
2.640934936084133,1.2782084812344698
2.62773298396798,1.2736627569812886
2.617882276697056,1.2701098632771204
2.604761668995999,1.2653344258921444
2.5949317978733,1.261724284465308
2.588414164586557,1.2592224364472635
2.578584293407099,1.2556122951749829
2.562279459716183,1.2493861760004632
2.562279459716184,1.2493861760004632
2.5460411139754573,1.242989814303285
2.5363204013515506,1.2390953010481978
2.53307266621292,1.2378160028194765
2.5201267113281136,1.2325855725519554
2.5039558427737605,1.2260193581279744
2.497529492918294,1.2232915724507276
2.4910796655044716,1.2206200043182365
2.47822696579354,1.2151644329637437
2.4653742660826503,1.2097088616092695
2.4557953915252058,1.2054774729928062
2.449417626838447,1.2026379475454516
2.4430154070380277,1.1998542213409287
2.430186837363112,1.1943427095040065
2.417431307989603,1.1886636586093013
2.4110535433028475,1.1858241331619481
2.4015499755376437,1.1814262146608032
2.3919958797360876,1.1771391712944101
2.3824923119171637,1.172741252909348
2.3761650750288013,1.169790852847607
2.360360016643049,1.1623873205091375
2.3509346502681314,1.1578242123459161
2.3414568287163444,1.153371080184936
2.3289072652683576,1.1472503281128617
2.328907265268357,1.1472503281128617
2.3100829200963764,1.1380692000047485
2.3007386264686005,1.1333422915004057
2.2945182112621527,1.1301728717072548
2.275856965642846,1.12066461232782
2.2696365504364,1.1174951925346706
2.263416135229953,1.1143257727415197
2.2509753048170706,1.1079869331552241
2.235550776357641,1.0998201661407891
2.23245455546223,1.0982083957925335
2.2170017389351537,1.0900955865249589
2.2046734309010927,1.0835405907446074
2.19850927688406,1.0802630928544312
2.180016814832997,1.0704305991839185
2.1800168148329973,1.0704305991839185
2.1647371647946856,1.0619958818578563
2.1555053905237433,1.0570528229647314
2.140225740485439,1.0486181056386599
2.1341197254297533,1.0452335277764162
2.1219076953184097,1.0384643720519446
2.109695665207046,1.0316952163274622
2.103589650151361,1.0283106384652194
2.091377620040005,1.0215414827407414
2.085271604984328,1.0181569048785026
2.070051335233659,1.0096157924480686
2.064005319127302,1.0061251655119055
2.0519132869145897,0.9991439116395814
2.039821254701883,0.9921626577672606
2.0337752385955272,0.9886720308310984
2.0216832063828227,0.981690776958778
2.0126295660444002,0.9764285451097436
2.0036377662339366,0.9710613276202692
1.9975917500547464,0.9675707008102516
1.9826157747780924,0.9586078705554903
1.9766315990484182,0.9550122582290276
1.9646321745581303,0.9478734365801463
1.9586479988284569,0.9442778242536831
1.9466796473691328,0.9370865996007718
1.9377192240995034,0.9316671621539727
1.92882246424957,0.9261438342094156
1.9198620410458882,0.9207243966535789
1.9139415288097548,0.9170248937102562
1.899124256791111,0.9078020627138578
1.8931400812746482,0.9042064500325564
1.8842433218391934,0.8986831214203577
1.8783228097774338,0.8949836181979807
1.8694583336916593,0.8894086248226247
1.8547388122388304,0.8800313649053148
1.8517948482148026,0.8781558747523343
1.8399864080530315,0.8707053913063988
1.8341313629212588,0.8669031243943182
1.828276317789485,0.8631008574822371
1.8165662275259495,0.8554963236580826
1.8048561372624043,0.8478917898339213
1.8048561372624046,0.8478917898339213
1.7931460469988696,0.8402872560097673
1.787291001867094,0.8364849890976842
1.775681639512474,0.8287279491756909
1.7669158105396356,0.8229990985204885
1.755306448063171,0.8152420587808278
1.7495186533293454,0.8113381864359688
1.737943063861722,0.8035304417462692
1.7263674743940776,0.7957226970565556
1.7263674743940773,0.7957226970565555
1.7119151679033369,0.7859378619143088
1.7033196693616806,0.7799564831241755
1.6946551574408721,0.7740755205681863
1.6832175946461645,0.7660669435422732
1.671780031851457,0.75805836651636
1.666061250454095,0.7540540780033979
1.660342469056743,0.7500497894904428
1.6489049062620194,0.7420412124645186
1.637502576925311,0.7339829342160643
1.628942021558267,0.7279516508353502
1.6232939955651633,0.7238481657864027
1.6176459695720526,0.719744680737451
1.6062436401087161,0.7116864026681516
1.594947588122508,0.7034794325702576
1.589299562129396,0.6993759475213046
1.5836515361362917,0.6952724624723574
1.5780035101431809,0.6911689774234054
1.561095527660808,0.6788094435318232
1.5582895624127193,0.6767331616349741
1.5498355710740546,0.6705533948224975
1.5414176752749544,0.6643245492060929
1.5302665745081168,0.6559216865777386
1.524654643714526,0.6517691231859681
1.5218486783177303,0.6496928414900826
1.5078191363230398,0.6393116437375931
1.4966680353803117,0.6309087813426747
1.4938620699400518,0.628832499705527
1.4854080782239576,0.6226527334093888
1.4741481209705491,0.6143966856088925
1.4657666050589302,0.6081189727742831
1.457385089322422,0.6018412597058603
1.4489310976385112,0.5956614933657084
1.4461251322996487,0.5935852115915282
1.4320955904492907,0.5832040136439804
1.4264475643623162,0.5791005287242367
1.4179935729797453,0.5729207619718246
1.406842472563827,0.5645178988777972
1.3955825158280213,0.5562618503713727
1.3927765505179321,0.5541855685583069
1.3814804983439446,0.5459785987188679
1.3702205416657636,0.5377225501338542
1.3618390261915347,0.5314448367152778
1.3533850346366763,0.5252650701985566
1.347737008463902,0.5211615853968928
1.3420889822911346,0.5170581005952338
1.3308290254403783,0.508802052245586
1.3195329730948417,0.5005950826422673
1.313884946922068,0.49649159784060365
1.2969408684037793,0.48418114343563723
1.2912928422310077,0.4800776586339755
1.282838850719245,0.4738978920583212
1.2800328853222511,0.4718216103627028
1.2687368328047057,0.4636146409961102
1.26035531706769,0.4573369279283864
1.2490953598139112,0.4490808801283961
1.237944258870808,0.4406780177339727
1.2323687083992503,0.43647658653675636
1.2239871924873504,0.4301988737025246
1.2099576504923184,0.4198176759504938
1.2071883485251225,0.4176927396918815
1.198843496042365,0.4113663722941138
1.1876923952760075,0.40296350966514094
1.182116844892821,0.3987620783506486
1.168196442203944,0.3882342794048414
1.1626950659709046,0.383936181371015
1.1571936897378723,0.3796380833371943
1.1406895610387742,0.3667437892357312
1.1351881848057332,0.3624456912019039
1.1241854323396683,0.35384949513426184
1.1105267349607686,0.34298499784868935
1.1105267349607686,0.3429849978486894
1.0941362420601832,0.32994755769314255
1.0887107156754983,0.32555410226319575
1.0722821590641767,0.3125642306057293
1.0668566326794946,0.30817077517578506
1.0560055799101387,0.29938386431590286
1.0560055799101387,0.29938386431590297
1.0343034743714694,0.2818100425961737
1.031610018481925,0.2795897536825925
1.0182205151523904,0.26839451530852576
1.0127949888596093,0.26400105976509364
1.0047535094294668,0.2572932959063013
0.9912090008279391,0.246286096062248
0.988515545011963,0.24406580705942052
0.9777806097854231,0.2351377541745936
0.9670845626582713,0.226162804340925
0.9617365390946915,0.22167532942408738
0.951040491967547,0.2127003795904252
0.9456924684039676,0.20821290467358813
0.9349964212768234,0.1992379548399259
0.9269941014938875,0.19248352181396622
0.91364375783349,0.1812416142439367
0.9109894616140481,0.17897465613489574
0.903066273549158,0.17212757074774634
0.8923702266101797,0.1631526206898331
0.8870222031406841,0.1586651456608714
0.8763655873275354,0.14964375430236876
0.8656695403885498,0.14066880424445
0.863015244216712,0.13840184607967004
0.849744032794608,0.12706728553473123
0.849744032794608,0.12706728553473118
0.8283519392926839,0.10911738497084529
0.8230039159171905,0.10462990982986357
0.8123078691661989,0.09565495954789578
0.8069598457907085,0.09116748440691654
0.8016118224152105,0.08668000926593067
0.7855677522887362,0.07321758384299007
0.7802197289132418,0.06873010870200745
0.7695236821622509,0.05975515842004039
0.7641756587867597,0.055267683279060544
0.7534796120357689,0.04629273299709338
0.7481315886602741,0.04180525785611032
0.7427835652847765,0.03731778271512515
0.7267394951583019,0.023855357292184416
0.7160434484073288,0.014880407010232164
0.7106954250318289,0.010392931869245009
0.6999993782808677,0.001417981587302759
0.6919578991669356,-0.005289782650577015
0.6839164200995322,-0.011997546944216234
0.6785683966297807,-0.016485021972873597
0.6625243262205609,-0.029947447058815403
0.6625243262205609,-0.029947447058815444
0.6518282792810559,-0.03892239711613139
0.6437092973180479,-0.04553614184168844
0.6329743625273407,-0.05446419525057392
0.622123310416683,-0.0632511069238887
0.619429854693579,-0.06547139603938087
0.6059628494927541,-0.0765726160749483
0.5978438678525004,-0.08318636119671763
0.5898023887376904,-0.08989412543354511
0.5816834069589388,-0.09650787038529558
0.5709873600190071,-0.10548282044208954
0.5628683780556725,-0.11209656516726026
0.5521334431554358,-0.12102461844444914
0.5467079170462014,-0.12541807421455117
0.5385889351866336,-0.1320318190670941
0.5305474558494063,-0.1387395830372805
0.5170804503583026,-0.14984080272065275
0.5090389706476185,-0.1565485662431247
0.49818791775591104,-0.16533547695191553
0.4874140940740773,-0.1742166324562176
0.48198856762822434,-0.1786100878106126
0.4765630411823618,-0.1830035431650153
0.4657119882906655,-0.19179045387379717
0.4575930059243487,-0.19840419810427162
0.4441259996404057,-0.2095054168258939
0.4360845200586514,-0.21621318050291297
0.4280430402895904,-0.2229209439553967
0.42261751384385043,-0.2273143993099479
0.4117664609524078,-0.2361013100190199
0.40091540806092973,-0.24488822072812064
0.3954898816151979,-0.24928167608266516
0.3846774433286747,-0.2581157091895067
0.3792519168829358,-0.2625091645440572
0.37382639043720334,-0.26690261989860226
0.36570740807106705,-0.2735163641293023
0.35766592836056416,-0.2802241276519758
0.3468148756531302,-0.28901103858834076
0.3359638229457121,-0.2977979495246926
0.33327036707181684,-0.3000182384572559
0.3197258584133638,-0.31102543823126433
0.3197258584133639,-0.31102543823126433
0.30344927962726764,-0.3242058049754564
0.29802375336522774,-0.3285992605568601
0.2898664321161629,-0.3351656596804346
0.28163326100901337,-0.34163670139957997
0.270782208484349,-0.3504236125616335
0.2653566822220102,-0.35481706814266545
0.25169798467164095,-0.36568156521266876
0.24354066370809163,-0.3722479646909444
0.23811513756808264,-0.37664142042303844
0.2272640852880655,-0.3854283318872263
0.22183855914805367,-0.3898217876193225
0.21368123808137718,-0.3963881869694596
0.20544806725600218,-0.4028592290471203
0.19459701522139303,-0.41164614081435125
0.18643969433809643,-0.4182125403923115
0.18093831839681385,-0.42251063879957473
0.16727962175539038,-0.43337513701231617
0.15904645082814547,-0.4398461789603531
0.15631465602269093,-0.4420191227308146
0.14546360417130405,-0.45080603472430847
0.1373062834249284,-0.45737243447236325
0.12637910438493485,-0.4660642097827936
0.1182217838219517,-0.4726306097586752
0.1073326682547572,-0.48136995325786913
0.10190714232898906,-0.4857634092545372
0.09648161640322156,-0.4901568652512046
0.08563056455170874,-0.49894377724452166
0.07477951270017863,-0.5077306892378529
0.06396707545917484,-0.5165647236243591
0.05584809387579111,-0.5231784688159444
0.04515204720062197,-0.5321534191882721
0.04245859148094442,-0.5343737083079212
0.037033065440076514,-0.5387671641624379
0.02075648731747431,-0.5519475317259872
0.0126375055608145,-0.558561276704859
0.0072894821057347585,-0.5630487517509992
-0.008754588259474002,-0.5765111768893941
-0.0141026117145559,-0.5809986519355361
-0.024798658624694526,-0.589973602027799
-0.03014668207977589,-0.5944610770739405
-0.03549470553485703,-0.5989485521200821
-0.04619075244500597,-0.6079235022123534
-0.056886799355154186,-0.6168984523046239
-0.06758284626530246,-0.6258734023968948
-0.07823946204948262,-0.6348947937896379
-0.08089375821403781,-0.6371617519629436
-0.09143154165167924,-0.646322006811173
-0.09943386131850342,-0.6530764399747048
-0.10735704911022916,-0.6599235256779478
-0.1126259408850998,-0.6645036530375844
-0.12316372443483939,-0.6736639077568571
-0.12843261620970642,-0.6782440351164908
-0.14158472783087792,-0.6897172265455604
-0.1467728830143418,-0.6943886110253628
-0.15714919338125685,-0.703731379984956
-0.16491091221570145,-0.7107609751472354
-0.17267263124644222,-0.7177905700927909
-0.18035203314842294,-0.7249099994125063
-0.18545787148344736,-0.7296712179605693
-0.19566954815348542,-0.7391936550566864
-0.20073357885591286,-0.7439991875973624
-0.21347727087716395,-0.7559243909638167
-0.21849923698249826,-0.7607739933807793
-0.22601089881566694,-0.7680701858066183
-0.23352256069978566,-0.7753663781799858
-0.23854452670358858,-0.7802159807021006
-0.24858845871118002,-0.7899151857463164
-0.25610012039157826,-0.7972113783294207
-0.26352638017430585,-0.8045944774788458
-0.27095263990556057,-0.8119775766800249
-0.2758892040466846,-0.8169140857346523
-0.2881656213522439,-0.8293196002734312
-0.29554880342230805,-0.8367457776165041
-0.30284507946007416,-0.8442573582352229
-0.3076947378113709,-0.8492792703253943
-0.32224371286526143,-0.8643450065959094
-0.3270933712165595,-0.869366918686082
-0.3367926879191597,-0.8794107428664316
-0.346492004621753,-0.8894545670467744
-0.34649200462175306,-0.8894545670467744
-0.3610409796756312,-0.9045203033172762
-0.36589063802693256,-0.9095422154074523
-0.3778159829758734,-0.9222857749381547
-0.38506843593905293,-0.9298396754820714
-0.3922325056139262,-0.9374774495756285
-0.39703809449519667,-0.942541426812834
-0.4017993698489916,-0.9476472121756528
-0.4113219205565617,-0.9578587829012694
-0.4160831959103584,-0.9629645682640903
-0.42809692413460587,-0.975624254259842
-0.43766378808551964,-0.9857940171271384
-0.44482785766655386,-0.9934317913087151
-0.4543504082497697,-1.0036433621503116
-0.4543504082497697,-1.0036433621503114
-0.46151447795118106,-1.0112811362189793
-0.4734398227442137,-1.024024695895579
-0.47820109809826034,-1.0291304812581608
-0.48772364880634417,-1.0393420519833145
-0.49248492416039313,-1.0444478373458985
-0.5067687502225063,-1.0597651934336156
-0.5115300255765527,-1.0648709787961974
-0.5162913009306003,-1.0699767641587807
-0.5305751269927143,-1.0852941202464983
-0.5353364023467596,-1.0903999056090785
-0.544858953054851,-1.1006114763342407
-0.5496202284088928,-1.1057172616968176
-0.5591427791169841,-1.115928832421979
-0.5686653298250752,-1.126140403147141
-0.5756950109615537,-1.1339020441160326
-0.5780532502224613,-1.1364755815797214
-0.5946953159418259,-1.1543664747614086
-0.6018148311684913,-1.1620457970197822
-0.6066204204212597,-1.1671097739044423
-0.6113816961496218,-1.1722155589179688
-0.6209042476063331,-1.1824271289450097
-0.6304267990630447,-1.1926386989720499
-0.6399493505197554,-1.2028502689990894
-0.6447106262481166,-1.2079560540126162
-0.654233177704829,-1.2181676240396573
-0.6566359723312153,-1.22069961248199
-0.6638000426325967,-1.228337385987885
-0.673322594303486,-1.2385489558152007
-0.6828451459743867,-1.2487605256425283
-0.6900092164893127,-1.256398298948111
-0.6900092164893126,-1.2563982989481108
-0.7043373568525594,-1.2716738461845394
-0.7115014270341894,-1.2793116198027612
-0.7187538804991047,-1.2868655198649757
-0.7259179507745858,-1.2945032933951643
-0.7307235401160183,-1.299567270195692
-0.7378876106044812,-1.3072050435261127
-0.7499897226963419,-1.319780855411628
-0.7571537931848056,-1.327418628742056
-0.7571537931848054,-1.327418628742056
-0.7668090412541766,-1.3375045172676903
-0.7740614946925544,-1.3450584173553717
-0.7860752242221642,-1.3577181021123672
-0.7909248830296262,-1.3627400137620203
-0.7981773364681306,-1.370293913849597
-0.802938612241565,-1.375399698821092
-0.8101910657328701,-1.3829535988579589
-0.8198903831375236,-1.3929974223603054
-0.8270544533464057,-1.400635195952978
-0.8343069067453657,-1.4081890960785204
-0.8391565654914175,-1.41321100778748
-0.851170294512835,-1.4258706930267346
-0.8584227480698113,-1.4334245930005525
-0.863272406816038,-1.4384465047093464
-0.8681220655622695,-1.443468416418145
-0.8778213830546981,-1.4535122398357074
-0.8826710418009251,-1.4585341515445018
-0.8923703592933798,-1.4685779749620913
-0.8972200180396072,-1.4735998866708857
-0.9069193355320547,-1.483643710088468
-0.9093659534667828,-1.4861333783736297
-0.9167491358486726,-1.493559555406702
-0.9240454124639839,-1.501071135464412
-0.9337883067129826,-1.5110723841007299
-0.9410845831185343,-1.5185839643621877
-0.9484677655525523,-1.5260101413434322
-0.9534043300390124,-1.5309466500527078
-0.9558509479346652,-1.533436318376273
-0.9680837890711365,-1.5458844071085625
-0.9730203534542811,-1.5508209159211541
-0.9804035356809768,-1.5582470931085195
-0.987786717959502,-1.5656732702443419
-0.9976598465193107,-1.5755462880760052
-1.0025964107992225,-1.5804827969918438
-1.0124695393590313,-1.5903558148235073
-1.02234266791884,-1.6002288326551706
-1.024832363783843,-1.602675422524454
-1.037365992318494,-1.614821216752032
-1.0423025567788515,-1.619757725487416
-1.047239121239211,-1.6246942342228021
-1.06204881462026,-1.6395037604289306
-1.0669853790806183,-1.6444402691643154
-1.0768585080013322,-1.6543132866350831
-1.081837899910201,-1.6592064661916306
-1.094286126879494,-1.6714391666571058
-1.1017123870883587,-1.6788222653778944
-1.1042020830129473,-1.681268855186539
-1.1141180391074414,-1.6910985437555979
-1.119140005526411,-1.6959481458477783
-1.129183938364359,-1.7056473500321485
-1.1342059047833273,-1.710496952124328
-1.1441218608778219,-1.7203266406933875
-1.1491438272967964,-1.7251762427855737
-1.1591451854878734,-1.7349190245734636
-1.1591451854878734,-1.7349190245734636
-1.1691891183258005,-1.7446182287578138
-1.1742110847447715,-1.7494678308499967
-1.1792330511637463,-1.7543174329421818
-1.1893190487301573,-1.7639725671060853
-1.1943410151491283,-1.7688221691982682
-1.199362981568101,-1.7736717712904524
-1.209406914406028,-1.7833709754748026
-1.2169608963987253,-1.790623343602852
-1.2220249274706705,-1.7954288757541441
-1.234768620408878,-1.807354078140686
-1.239832651690503,-1.8121596100710173
-1.2473866338856896,-1.8194119779881393
-1.249918649459412,-1.8218147440240064
-1.2625784703119376,-1.8338283301388636
-1.2625784703119378,-1.8338283301388638
-1.2753221631877363,-1.8457535325921182
-1.2829600175877889,-1.852917516649481
-1.2880658562644511,-1.8576787348311754
-1.2982775336177754,-1.8672011711945613
-1.3033833722944321,-1.87196238937625
-1.311145091977731,-1.878991983601288
-1.3188244945404597,-1.8861114122082818
-1.3290361720932349,-1.8956338483577688
-1.3316097360783803,-1.8979920586755825
-1.3418627027588867,-1.9074696974575127
-1.347050858571673,-1.9121410812383763
-1.3573038252521779,-1.9216187200203056
-1.3624509531895417,-1.9263351406918587
-1.3728272648151052,-1.935677908253578
-1.3779743927524741,-1.940394328925136
-1.3883507043780374,-1.9497370964868554
-1.39353886019082,-1.9544084802677155
-1.3987270160036027,-1.9590798640485765
-1.4142914834419242,-1.9730940153911338
-1.4169058118895959,-1.9754069516756827
-1.4247082961012694,-1.9823912717955834
-1.4352058455967598,-1.9915972707757243
-1.4455821573037761,-2.0009400382469673
-1.453465378331437,-2.0078331009653616
-1.4640031633076123,-2.0169933540436773
-1.4692720557957029,-2.0215734805828376
-1.4745409482837972,-2.0261536071220014
-1.4850787332599713,-2.035313860200316
-1.4957353506223978,-2.044335249728733
-1.5010042431104929,-2.0489153762678964
-1.5090065639117756,-2.05566980808737
-1.5223955252198729,-2.0668645896132434
-1.5304370052514003,-2.07357235275106
-1.5385559881650066,-2.080186096309694
-1.5439815149437444,-2.084579551253004
-1.5494070417224899,-2.0889730061963214
-1.5629898905225548,-2.0999328593038395
-1.5739926438945975,-2.10852905421187
-1.5794940205806252,-2.1128271516658903
-1.5906081759356943,-2.1212784541321232
-1.598953029084927,-2.1276048206507783
-1.6044916334295898,-2.131854692633316
-1.6128731499474778,-2.138132404658503
-1.6185211766879903,-2.142235888678718
-1.6270109777992399,-2.148366367004439
-1.6355007788140032,-2.1544968454637723
-1.6440613353741869,-2.1605281271509784
-1.6497801174519389,-2.1645324146922134
-1.6583756169576598,-2.1705137920969424
-1.6670741966651101,-2.1763442464946547
-1.6728957650756804,-2.18019741288033
-1.6787508109262703,-2.183999678685513
-1.684638739709613,-2.187750657837283
-1.6935032168882456,-2.19332564947496
-1.6994557124670961,-2.1969732989014297
-1.7084161364780148,-2.2023927351225896
-1.7144003126429253,-2.205988346724685
-1.7204155618324448,-2.2095315553189834
-1.7234231864272065,-2.211303159616133
-1.7355152200204658,-2.2182844110972297
-1.7476974063290351,-2.2251066760712424
-1.7476974063290351,-2.225106676071242
-1.7599091278902244,-2.231875657358121
-1.7722085233645954,-2.238484275488817
-1.7815251606176477,-2.24326546338574
-1.7815251606176477,-2.24326546338574
-1.7939659925169622,-2.2496043000547084
-1.7970898714355585,-2.2511617877723626
-1.8096394364471604,-2.2572825366385074
-1.819064803987864,-2.26184564239371
-1.8317192792720665,-2.267746439284331
-1.8412228483370892,-2.2721443549766667
-1.8476006137837766,-2.27498387871716
-1.853978379230466,-2.2778234024576554
-1.8603805997758895,-2.280607126948778
-1.8732329747268444,-2.2860625562875425
-1.879705952814596,-2.2886777698239893
-1.8861789309023567,-2.2912929833604387
-1.8992138679926969,-2.2962965487093325
-1.905774172344949,-2.2986842660233378
-1.915665552708567,-2.302122300623666
-1.9222665292918426,-2.3043951612249196
-1.9321777435784302,-2.3077755929689254
-1.9421464449184889,-2.3109825355944236
-1.9421464449184889,-2.310982535594424
-1.9554989989662594,-2.315064746890304
-1.9588458737823418,-2.3160561178875487
-1.9722840899166267,-2.3198460136329295
-1.9823912003540658,-2.3225856862440204
-1.9891346438670596,-2.3243925500332465
-1.99928802875084,-2.326955412263707
-2.009456151617338,-2.3294591624074856
-2.0162585457750177,-2.3310295830165475
-2.0264951879966318,-2.333236536445379
-2.0367687876878096,-2.335264500152182
-2.04362184482058,-2.3365965643776647
-2.053907068638098,-2.3385647255585895
-2.0607823297094705,-2.339776984757838
-2.067657590780855,-2.340989243957087
-2.0814479822633083,-2.3431733579447007
-2.088352532907203,-2.3442052156677002
-2.098726666660901,-2.3456323933970133
-2.11258523355815,-2.347333943342595
-2.1229964876544685,-2.3484587880219054
-2.1299395637988225,-2.349188500855531
-2.136882639943165,-2.3499182136891563
-2.1473119395867735,-2.350861185774966
-2.1542666935077004,-2.3514696141315232
-2.1681949663722713,-2.3524435064049682
-2.175163175402538,-2.35286966701459
-2.185622219131528,-2.3533872495544688
-2.199576349795176,-2.353874472383096
-2.2030657682808226,-2.353965829488567
-2.2100460225763716,-2.354087637268353
-2.2205167583033494,-2.3542398895141328
-2.234479392319127,-2.354239823890386
-2.2379698734633795,-2.3542093465165617
-2.251930379758765,-2.353965599436472
-2.2623968604177356,-2.3536305322401803
-2.2623968604177356,-2.35363053224018
-2.279832962298845,-2.3528691738825396
-2.2868011673177158,-2.3524429476871984
-2.2972495784335183,-2.3517428101536315
-2.3076841791347604,-2.3508604295009046
-2.307684179134761,-2.3508604295009046
-2.321593675493038,-2.3496434415297465
-2.32853639225472,-2.348913700178829
-2.3423949431510027,-2.3472120199156583
-2.345855692583402,-2.3467563875475856
-2.3596824343532266,-2.3448131014921003
-2.370048075703958,-2.343325497109701
-2.3769434361704644,-2.342233347301874
-2.3872815365540907,-2.3405650643916283
-2.3872815365540907,-2.3405650643916283
-2.411295036010742,-2.336052353290957
-2.4112950360107415,-2.336052353290957
-2.4215686166530177,-2.3340242930854114
-2.4352261207821493,-2.3311212378627872
-2.4386339901474408,-2.330365715607812
-2.445436369553912,-2.3287952311041424
-2.455604468862689,-2.3262913852907303
-2.4691523382316922,-2.322913459266738
-2.4792751908298714,-2.3202325372824033
-2.48938227548992,-2.317492769575988
-2.4994400053338763,-2.3145770264808823
-2.5061337363832115,-2.3125942217517506
-2.512809994277292,-2.3105530535329195
-2.5227786654714146,-2.30734601720104
-2.5294367723776685,-2.3052466929336486
-2.542696844792121,-2.300874114495736
-2.552608027302168,-2.2974935895863298
-2.562458702095466,-2.2939406058363896
-2.5624587020954657,-2.293940605836389
-2.5788488221681165,-2.2879425956940245
-2.585366432585016,-2.285440688097939
-2.5984231552359023,-2.2804938753613855
-2.608143832089579,-2.276599272824943
-2.6146167856076477,-2.273983998476283
-2.6275395420249366,-2.2686970968115947
-2.6436170931245573,-2.261905593862882
-2.6468181903039505,-2.2605137015047005
-2.6531959290440716,-2.2576741177801924
-2.6722789388568704,-2.2490443452169364
-2.6817824664353855,-2.2446463398764522
-2.688109676328123,-2.2416958819223316
-2.703836142542667,-2.23412716517282
-2.703836142542667,-2.2341271651728194
-2.7226604038531628,-2.2249458651229954
-2.738225040472917,-2.217049394483595
-2.7444454267296066,-2.2138799178732804
-2.7537057567253753,-2.208990564564304
-2.762965773912775,-2.204101377911869
-2.772139362710771,-2.1990511545528664
-2.7783034866014815,-2.195773600003233
-2.793583059109014,-2.1873387422302284
-2.799689043054267,-2.1839541082432157
-2.808773096119639,-2.178744552857551
-2.820865064101042,-2.171763187733196
-2.8329262639564496,-2.1647292400023312
-2.8359338718888076,-2.162957607417986
-2.8479021566335043,-2.15576627173312
-2.8568625296257797,-2.1503467511593097
-2.862783007586002,-2.1466471933629836
-2.8716474322822156,-2.1410721182768846
-2.8833574526075956,-2.1334674767572577
-2.8833574526075956,-2.1334674767572577
-2.9037659978244035,-2.120032299059597
-2.9037659978244035,-2.120032299059597
-2.915341515702288,-2.1122244482335595
-2.921094913492372,-2.108270214575352
-2.9354781158685657,-2.098384831185595
-2.9411968605225614,-2.09438049019759
-2.9469156051765557,-2.090376149209589
-2.961053337096617,-2.0801420543389946
-2.9694347948995374,-2.0738642639228924
-2.975046687407736,-2.0697116487912943
-2.986197710702688,-2.0613086833541234
-2.991773222350171,-2.0571072006355324
-3.000043841167535,-2.0506840898791823
-3.005545177773692,-2.0463859411251737
-3.0192037749859395,-2.035521317912646
-3.024629260864745,-2.031127812462022
-3.038173668041731,-2.020120487814868
-3.043521650475299,-2.0156329638811052
-3.054178183791919,-2.006611475073576
-3.062101309051794,-1.9997643170115116
-3.064715616000029,-1.99745135642622
-3.0752130799071784,-1.9882452598511047
-3.085589304754344,-1.9789023959120213
-3.090777417177928,-1.9742309639424778
-3.0984567537624046,-1.9671114641684195
-3.1086683430673516,-1.9575889333845375
-3.111200336374015,-1.9551861438840403
-3.1162222578842274,-1.9503364952873896
-3.1237338526243574,-1.943040233787772
-3.1337351206623243,-1.9332973594549554
-3.1386716393056067,-1.9283608049024132
-3.1436081579488997,-1.9234242503498638
-3.1509912713673844,-1.9159980047533112
-3.160690495710177,-1.9059540913819684
-3.1678544951506455,-1.8983162514106486
-3.17261572361597,-1.893210422323536
-3.179735167636403,-1.8855310340503426
-3.1891229933379743,-1.8751957696014
-3.193794387785593,-1.8700076233929213
-3.2007787238927716,-1.8622051534921362
-3.2053588613109754,-1.8569362704609638
-3.214519136147367,-1.8463985043986368
-3.221273584489781,-1.8383961975437142
-3.2257610697270396,-1.8330481826399319
-3.2324688491460463,-1.8250067161892907
-3.236862315225644,-1.8195811984284573
-3.247822196212946,-1.8059983721243338
-3.249995145117346,-1.803266581402563
-3.256561560195963,-1.7951092729968539
-3.2652055669807174,-1.7841443238707644
-3.2716286175319444,-1.7758736582973733
-3.2758785010664746,-1.7703350628167738
-3.282156230573162,-1.7619535593924875
-3.2862597264921614,-1.756305541296851
-3.2965427972977226,-1.7422038305965721
-3.2985697977137316,-1.739362060584381
-3.304700294160757,-1.7308722725585386
-3.3087542949429074,-1.7251887324985968
-3.318739990142608,-1.7108744720202316
-3.3226941821903258,-1.7051210456320307
-3.32659806574435,-1.6993332584588114
-3.3343551279677497,-1.6877239110053615
-3.3362817173024406,-1.6848131308652374
-3.343937174213199,-1.673136532811003
-3.347739452413773,-1.6672814950099974
-3.3515417306143416,-1.6614264572089876
-3.3589405719859857,-1.6495857478760347
-3.36076440311968,-1.6466095040210276
-3.3716549842098797,-1.628720966075855
-3.37342659530484,-1.6257133454852706
-3.376969817452861,-1.6196981042794223
-3.385722707169766,-1.6045984657649972
-3.3891604096153634,-1.5985223031725142
-3.394263851496414,-1.5893782139134762
-3.399314010014741,-1.580204589419829
-3.4026451454901365,-1.574069356221386
-3.4075344331670774,-1.5648089915729166
-3.4107579868843407,-1.5586165565602066
-3.418654347210776,-1.5430518639754196
-3.4217693372465185,-1.536804113417664
-3.4263324649622753,-1.5273787565087602
-3.4292828781497753,-1.5210515257409676
-3.432288355651442,-1.5147503627577026
-3.4395258319089637,-1.4988690450296807
-3.4423653706094632,-1.4924912862435415
-3.4464850393502133,-1.4828638350295895
-3.4464850393502133,-1.48286383502959
-3.451940637682185,-1.470011146769813
-3.455948010187957,-1.460336414060433
-3.4611784676274637,-1.4473904701536953
-3.465073001369795,-1.4376697657378341
-3.467574862942363,-1.43115213765413
-3.4700767245149353,-1.4246345095704245
-3.4737440129626114,-1.4148258153230084
-3.4772969271520697,-1.4049751154406105
-3.479627290597958,-1.398394313349319
-3.4819001665558145,-1.3917933420536681
-3.4852806213574032,-1.3818821356313944
-3.48749577923012,-1.3752616654401126
-3.491810433509495,-1.3619823993793576
-3.495017399327614,-1.3520137055004129
-3.497058520426479,-1.3453374332002743
-3.4990996415253415,-1.3386611609001429
-3.503181883723067,-1.325308616299882
-3.506097555674554,-1.315250865831619
-3.5080218490705404,-1.3085399879388253
-3.509946142466526,-1.3018291100460384
-3.514610132076287,-1.2850111281136838
-3.51641701161238,-1.2782676888199787
-3.5182238911484736,-1.271524249526274
-3.521837650220659,-1.258037370938872
-3.5253924714442664,-1.2445350671095077
-3.5279553573842755,-1.2343816882103793
-3.5296442725868533,-1.2276077416056181
-3.531333187789433,-1.220833795000841
-3.534711018194589,-1.207285901791311
-3.537214791958748,-1.1971177847410177
-3.5403556649452725,-1.1835130037598398
-3.5428594389934096,-1.173344886779473
-3.5452447338580506,-1.1631483257994497
-3.5468151702678354,-1.1563459352895897
-3.551526479497184,-1.135938763760029
-3.552281977563081,-1.1325308890321228
-3.556178348567355,-1.1155182333117364
-3.5583853253989592,-1.1052815961356226
-3.5598368043966238,-1.0984528337378519
-3.562739762391946,-1.0847953089423439
-3.5641912413896093,-1.0779665465445796
-3.5670941993849365,-1.064309021749051
-3.5684860140116386,-1.0574679398171045
-3.570633400322652,-1.0472186364533738
-3.5719654801076755,-1.040365582345012
-3.575205874136753,-1.0232160325150932
-3.5771141885422626,-1.0129195368234674
-3.5790225026598375,-1.0026230410784753
-3.5802347773842333,-0.9957477827445361
-3.582023160485762,-0.9854297803558474
-3.5849036439937607,-0.9682164096773104
-3.5865718522785963,-0.9578782972514805
-3.5871479605837573,-0.9544355531846924
-3.588816168958805,-0.9440974407734275
-3.591395798894016,-0.9268364203877606
-3.5930038359338754,-0.9164887779369882
-3.5944913655823845,-0.9061231258612367
-3.595462958814694,-0.8992097479779843
-3.5978617526962675,-0.8819222394941816
-3.5995633334301793,-0.8680636763771448
-3.6004141237971368,-0.8611343948186228
-3.6016600538237658,-0.8507369361974305
-3.6027849217964065,-0.8403256846177793
-3.6039097896056265,-0.8299144330204795
-3.605369246291874,-0.8160282839918938
-3.6060989746349987,-0.8090852094775977
-3.6076504138614762,-0.7917011593744055
-3.6082588578995267,-0.7847464068253684
-3.6085327194112207,-0.7812665523225034
-3.6090196936605556,-0.7743022402067076
-3.60999364215922,-0.7603736159751169
-3.6106937043989067,-0.7499251998142267
-3.611211310174236,-0.7394661572350965
-3.611515809465629,-0.7324915726498902
-3.6116680591113277,-0.7290042803572832
-3.6121553003036526,-0.7150505049839053
-3.6122771237980187,-0.7080702509626013
-3.612429399616467,-0.6975995155784025
-3.612429382375053,-0.6906181985704596
-3.612429347892224,-0.6766555645545592
-3.6123988610618194,-0.6661837663344102
-3.612277003345869,-0.6592035129104378
-3.6120637635371486,-0.6487338416551153
-3.6115764411752624,-0.6347797144671307
-3.611332779994318,-0.6278026508731283
-3.6108151225591203,-0.6173436108507229
-3.6100843417089563,-0.6034001138714176
-3.6098712365523875,-0.5999160108762496
-3.6093842280384205,-0.5929517011564601
-3.608014862563583,-0.5755527887320538
-3.607406384696622,-0.5685980391426539
-3.606463338292589,-0.5581687462188482
-3.605064439128053,-0.5442765885837028
-3.6036049147282183,-0.5303904466720898
-3.6024799958598437,-0.5199792005915198
-3.6016291716186344,-0.5130499231922198
-3.600322722945628,-0.5026598953156789
-3.5983794688872086,-0.48883314904884934
-3.5967713814781184,-0.47848551442563486
-3.5946473408000705,-0.4646856081277551
-3.594647340800071,-0.46468560812775495
-3.5924029563900013,-0.4509047626800885
-3.590614522847563,-0.44058676903428623
-3.5874339800177855,-0.4234263068416447
-3.586738056024659,-0.42000576926920385
-3.5840140951228094,-0.40631164645547424
-3.5826222471844558,-0.3994705713008499
-3.5796597057578956,-0.38582607384112005
-3.578904191169278,-0.382418202776208
-3.577333721826398,-0.3756158198695401
-3.57488909668463,-0.36543332040653187
-3.5732001487695344,-0.3586593819579006
-3.5697632264211467,-0.34512658744221475
-3.5688892392044997,-0.34174715940868167
-3.5652166605799063,-0.3282764085432391
-3.5623595012982654,-0.31820187985699977
-3.5623595012982654,-0.3182018798569999
-3.558452385380541,-0.30479727587785443
-3.5554198367688055,-0.2947741458114412
-3.553378683231812,-0.2880978834286216
-3.550287874789172,-0.27809256531366927
-3.545973156151306,-0.2648133201642328
-3.5438157968323725,-0.2581736975895107
-3.5416584375134366,-0.2515340750147833
-3.537112736637398,-0.2383324897048349
-3.534782341480709,-0.23175169884292
-3.5313442361365137,-0.22186034306866356
-3.5277912741699025,-0.2120096604184845
-3.5253463833075616,-0.20547054284606328
-3.52162204451149,-0.19568336818007395
-3.519120151328563,-0.18916575223043403
-3.5152255702885897,-0.17944506676418298
-3.5126103101750643,-0.17297210749469957
-3.5073234369297266,-0.16004933945064723
-3.503259799851056,-0.15039810423937333
-3.5018679144822453,-0.1471970040208917
-3.4990283447719395,-0.1408192590411845
-3.49329369460131,-0.12808887216359358
-3.49039861414098,-0.12173623026569794
-3.4860006296831956,-0.11223269302319364
-3.4814923673261755,-0.10278097053900077
-3.4784319476655385,-0.09650621009204778
-3.4723111083442735,-0.08395668919816023
-3.470753598088472,-0.08083282151662208
-3.467638577620486,-0.0745850861318067
-3.464469114450394,-0.06836469302692486
-3.456410317979885,-0.052883959362028346
-3.4530791525454085,-0.046748742430014485
-3.448136028822938,-0.03751700287157467
-3.4413136760407643,-0.025334865737714183
-3.4361570777232746,-0.0162206471101886
-3.4326664084456064,-0.010174655449620757
-3.4274041131920416,-0.0011210519639928002
-3.4238084585500967,0.00486309834007221
-3.414689412912473,0.019743969350065657
-3.4091143574883085,0.028608406412170294
-3.4034365390375085,0.03740737595697596
-3.397861483721669,0.04627181308721665
-3.3902568681755842,0.05798185028011718
-3.3844770560052173,0.06671416146751022
-3.3805731432182373,0.07250192892287881
-3.376669230431256,0.07828969637825177
-3.366884294303742,0.09274193449710919
-3.362879965791101,0.09846068788649279
-3.3548713087658086,0.10989819466527337
-3.3468626517405293,0.12133570144403374
-3.340831308483513,0.12989621462529632
-3.3326242595138464,0.14119220930804588
-3.3244172105441834,0.1524882039907899
-3.3203136860593534,0.158136201332161
-3.3182373845705744,0.16094215208304719
-3.3098344433618405,0.17209319363553985
-3.305632972757468,0.177668714411793
-3.295008409366776,0.19151486796121675
-3.2886819831637166,0.19985967586241007
-3.2822588903777903,0.2081303086358959
-3.2779607535772084,0.2136316545811482
-3.2736626167766327,0.21913300052638915
-3.2628933803401323,0.23286747205748984
-3.26072041758108,0.23559925175879726
-3.2498558243325,0.24925787280557457
-3.2454623307841284,0.2546833683226827
-3.234455035850242,0.2682277996471153
-3.2299675236486682,0.2735757919252043
-3.2254800114470914,0.27892378420329456
-3.221039395923227,0.28431066490774265
-3.2120643715200843,0.295006649463914
-3.207576859318507,0.3003546417420071
-3.20082237050289,0.30835691443482427
-3.1916620426640234,0.31889463442291155
-3.1870818787445843,0.324163494416961
-3.1801887599750382,0.3320466664333247
-3.168624220787128,0.34511796127078415
-3.1616398450951055,0.35292039573724254
-3.1616398450951055,0.35292039573724265
-3.1499387750769876,0.36587018809445354
-3.138147871674252,0.3787376630722584
-3.135789643031096,0.3813112102653931
-3.1262671342396073,0.39152282007866934
-3.1215058798438524,0.3966286249853182
-3.116700311749017,0.401692621948244
-3.104598252069484,0.41426848427161195
-3.1021954681326385,0.41680048285801596
-3.085243771374911,0.43439827781306883
-3.085243771374911,0.43439827781306883
-3.077947526787114,0.4419098889801721
-3.073010983391872,0.4468464187808199
-3.063137896601394,0.45671947838211047
-3.0531365797125116,0.4664623025681877
-3.0506468941981892,0.4689089029704683
-3.0431352628745643,0.4762051268067072
-3.030601685385411,0.4883509737095516
-3.030601685385411,0.48835097370955155
-3.0180257883617,0.5004529973301166
-3.0129199699360405,0.5052142372284943
-2.9976025146590617,0.5194979569236291
-2.989840824874904,0.5265275841616222
-2.9846526890695153,0.5311989901631081
-2.979464553264132,0.5358703961645894
-2.9716620989173212,0.5428547496476572
-2.9559359522345456,0.5566866890821941
-2.955935952234545,0.5566866890821941
-2.942743919879437,0.5681139566473249
-2.9373959151485134,0.5726014540082024
-2.9213913322755474,0.586110387226732
-2.916043327544627,0.5905978845876072
-2.9079243731993403,0.5972116632163269
-2.8971119725875822,0.606045742435097
-2.891686464878747,0.6104392209279494
-2.8780655997373024,0.6213515646556185
-2.8780655997373024,0.6213515646556187
-2.861561525647122,0.6342459286537578
-2.856022939682055,0.6384958245892216
-2.8505215816519844,0.6427939459219436
-2.8366012232554403,0.6533218034331162
-2.831025690665992,0.6575232583608449
-2.8282197340626953,0.6595995519405482
-2.8112757074251085,0.6719100777536637
-2.808433941877315,0.6739370844285527
-2.8027151771802155,0.6779413967921252
-2.788331925048356,0.6878267077871306
-2.782510373408895,0.6916798995113712
-2.7795995975891605,0.6936064953734935
-2.7708006120992805,0.6992842891139728
-2.7589596189882624,0.7066833451894261
-2.755983379172255,0.7085071829141949
-2.744015058218405,0.7156984583371302
-2.738030897741472,0.7192940960486017
-2.728977279285347,0.7245563655458209
-2.719833200615834,0.7296598264006078
-2.710601447098349,0.7346029240531845
-2.7013410926545864,0.7394922310579011
-2.6951206906382073,0.742661676738217
-2.685776416550216,0.7473886238691955
-2.679501647562465,0.750449026018618
-2.6668475194036336,0.7563497286623789
-2.660469766499171,0.7591892805733907
-2.6444645709140246,0.7661485211668881
-2.6412396627777635,0.7674843186820037
-2.6315189663473753,0.7713788723558873
-2.6250235067401304,0.773937495900961
-2.615236321589332,0.7776618071439287
-2.6021157337281395,0.7824372990389733
-2.5988253350493014,0.7836024874456183
-2.592224368386413,0.7858753768580508
-2.5823131688544385,0.7892558518613816
-2.569015422713706,0.7935124831830951
-2.5623394934451498,0.7955535140190791
-2.5489177453762046,0.7994021277223038
-2.542206871341726,0.8013264345739173
-2.5320997727953882,0.8040661510529185
-2.528720342269334,0.8049401286317038
-2.518552230239567,0.8074439227847776
-2.511749842865096,0.8090143727754784
-2.4947108228016104,0.8127918204102295
-2.4878697437164656,0.8141836490295108
-2.477596152752928,0.8162116569497715
-2.4775961527529287,0.8162116569497715
-2.460424405023214,0.8193322807235912
-2.453549149211263,0.8205445697510575
-2.446654133242688,0.8216366289368967
-2.4328273815661867,0.8235798445036342
-2.4293666298078413,0.8240354592046707
-2.4155080702365885,0.8257370688170398
-2.408578790450957,0.8265878736232248
-2.3981675411976533,0.8277127631272357
-2.384281395192585,0.8291722485806845
-2.3773323066365264,0.8298413660552402
-2.3669030110529437,0.8307843830439274
-2.356458845991148,0.831545240174087
-2.349494534884204,0.8320322288510339
-2.339046120173615,0.8327323127361754
-2.325102621119202,0.8334630539916238
-2.318130871591986,0.8338284246193488
-2.3076665153197355,0.8342243226084062
-2.2937123867555527,0.8347116055625229
-2.286735322473456,0.8349552470395817
-2.279756486289517,0.8351379913209044
-2.262307978242116,0.8355339455505796
-2.251837243174462,0.835686243132575
-2.2448559261664918,0.8356862405481024
-2.2308932921505447,0.835686235379157
-2.2274028108743664,0.8356557731182644
-2.213442303521606,0.8354120866056234
-2.195995567732678,0.8349552215616822
-2.192506149709476,0.8348638467946712
-2.182039667589913,0.8345288252261206
-2.1680855393822975,0.8340415320614483
-2.161108475278485,0.8337978854791123
-2.1506465996938426,0.8333411069228811
-2.1367031011855264,0.8326103552472333
-2.1332189977444806,0.8323972573805871
-2.1192903762669557,0.8314232694962769
-2.112326065528186,0.8309362755541214
-2.0984116072508066,0.8297800690503615
-2.0879770026999576,0.828897733922387
-2.081022251866085,0.8282892702796298
-2.0671127501983495,0.8270723429941168
-2.0566951337428545,0.8260080334543421
-2.042808988805479,0.8245485378423786
-2.0323977403928217,0.8234236405579406
-2.018539182045563,0.8217220209768137
-2.01160990287194,0.8208712111862506
-2.0046806236983077,0.8200204013956867
-1.9873931220057284,0.8176215585719684
-1.9804885765340692,0.8165896662401647
-1.9666618262146032,0.8146464410173851
-1.9563141882377648,0.8130383751882603
-1.9391209358636639,0.8100376695272057
-1.9287828280936574,0.8083694323898594
-1.9184648306587906,0.8065810207077398
-1.908179616761545,0.8046128076861346
-1.8910649491905707,0.8011929587469052
-1.8876444101327785,0.8004970420544795
-1.8773708205961805,0.7984690269056198
-1.8637133036998126,0.7955660317473698
-1.8568845452516376,0.7941145341682467
-1.8500557868034555,0.7926630365891223
-1.8262407553070485,0.7871961649909052
-1.8194383689389109,0.7856257106412551
-1.8092702585310227,0.7831219099016408
-1.8024963163802858,0.7814329768348048
-1.7923429442802739,0.7788700639589213
-1.7822200797885777,0.7761891868835501
-1.7653232732416448,0.7718193763759146
-1.7585798387130192,0.7700124790561931
-1.7518364041844081,0.7682055817364755
-1.7417618692103904,0.7653484446259866
-1.7350509964325025,0.7634241333921384
-1.7283401236546048,0.7614998221582875
-1.7082592443412437,0.7555515964281434
-1.704912374482342,0.7545602086955896
-1.68823078275351,0.7494282832229914
-1.6815911554574314,0.7472709384348308
-1.6683119008653018,0.7429562488585179
-1.66167227356922,0.7407989040703562
-1.6484121819698963,0.7364263838119505
-1.6384814855150178,0.7331036206065793
-1.6220298298786557,0.7272777865736149
-1.6154695373780745,0.7248900366971363
-1.6023489523769152,0.7201145369441799
-1.5925190984149262,0.7165043487916763
-1.5860014769901791,0.7140024698718384
-1.5664486127159623,0.7064968331123357
-1.5664486127159623,0.7064968331123359
-1.5566832622538045,0.7027156404748597
-1.5437373322044663,0.6974851487369692
-1.5307914021551041,0.692254656999069
-1.517868622476649,0.6869678121919393
-1.511395657451965,0.6843525663229879
-1.5017444132981632,0.6802889504830969
-1.4953180763951122,0.6775611342916474
-1.485690636210592,0.6734414397757889
-1.476111781626925,0.6692100059436535
-1.4601551758293427,0.6621390164030652
-1.4538025273632982,0.6592439503551847
-1.4474247759413847,0.6564043951142817
-1.4315940057337841,0.6490560023446516
-1.4221162049380391,0.6446028260078285
-1.4158414374784754,0.6415424207251573
-1.4064160923721394,0.6369792686306885
-1.3969907472977638,0.6324161164702402
-1.381371708079812,0.6246287594561273
-1.3813717080798118,0.6246287594561273
-1.365834693708646,0.6166780773411195
-1.3565743416042593,0.6117887659056148
-1.3503539411043595,0.6086193172490386
-1.3349011623940072,0.6005064359506987
-1.3257275509364492,0.5954562537523711
-1.3196215517105407,0.5920716473322636
-1.3074095532587369,0.5853024344920557
-1.2922194774478302,0.5767083136984035
-1.29221947744783,0.5767083136984034
-1.2771198618332529,0.567955384476976
-1.2681280869753047,0.5625881251843138
-1.265120470958077,0.5608165063252991
-1.250175914452568,0.5518013861088582
-1.241279180483721,0.546278016476268
-1.23830294148974,0.5444541774100677
-1.223517996331125,0.5351796122816829
-1.2176629687439828,0.5313773183530657
-1.2118079411568452,0.527575024424452
-1.197187111031265,0.5180438393930785
-1.1913993342018454,0.5141399405036847
-1.1856115573724213,0.510236041614288
-1.1769470725874551,0.5043550390788761
-1.16550954657824,0.496346409517492
-1.1597907835736267,0.49234209473679624
-1.1513010118342155,0.4862115757356642
-1.1456530046392661,0.4821080648131
-1.1343930859711338,0.4738519643885827
-1.126011599398889,0.4675742123825069
-1.1176667763504777,0.4612478061592828
-1.112165419994759,0.456949682683486
-1.101162707283333,0.4483534357319017
-1.095661350927616,0.444055312256106
-1.0875040601492145,0.4374888752795424
-1.0820785541516746,0.43309539467340696
-1.0766530481541434,0.42870191406727937
-1.0712275421566022,0.42430843346114305
-1.0631860937124853,0.41760063245551154
-1.0524900877467587,0.40862563356726517
-1.0498358019242433,0.4063586632849099
-1.044527230247544,0.4018247227572912
-1.0366040735852722,0.3949776010323795
-1.0286809170301596,0.388130479183463
-1.020797728714354,0.381237379054506
-1.0155690935294053,0.3766114819461142
-1.0103809596406088,0.37194007381603955
-1.0000046918630203,0.3625972575558936
-1.0000046918630203,0.36259725755589356
-0.9948165579742292,0.35792584942582334
-0.9819490547868809,0.34613497680838057
-0.9768019488532379,0.34141853212381956
-0.9716961323227987,0.3366572901930519
-0.9614844992619306,0.32713480633152553
-0.9614844992619304,0.3271348063315255
-0.9488247346235206,0.3151211609789637
-0.938780846831767,0.30542191014762304
-0.9337589029358833,0.3005722847319461
-0.9312692184125623,0.2981256833212054
-0.9212679054020327,0.2883828551538978
-0.9163313639718859,0.28344632338815406
-0.9064582811115867,0.27357325985666164
-0.9015650685766278,0.26859390035543756
-0.8966285271464768,0.2636573685896902
-0.8867987731813767,0.2537414773227278
-0.8795025317016896,0.2462298631366398
-0.8698032609968839,0.23618599453645428
-0.869803260996884,0.2361859945364543
-0.8577012074868214,0.22361012627606175
-0.850537172457596,0.2159723196857664
-0.845687536965441,0.21095038552062276
-0.8337622500236734,0.19820677170743006
-0.8290009977677754,0.19310096480533476
-0.8196131241977169,0.18276574383695343
-0.8172548966511202,0.18019219563900543
-0.8054639982823394,0.16732471604841936
-0.8031057707898599,0.16475116780087967
-0.7984343523858849,0.1595630431627576
-0.7844200971739511,0.14399866924838403
-0.7821071434426995,0.14138435623618048
-0.7728098175035073,0.1309676056385807
-0.7682296558022165,0.1256987437163116
-0.7568950088777116,0.11242760606899814
-0.7500478715327022,0.10450446290551538
-0.7388058765080486,0.09115419288841417
-0.7388058765080487,0.09115419288841414
-0.7298308566071094,0.08045820455441914
-0.7209967522375872,0.06964582449168977
-0.7165092422871153,0.0642978303246897
-0.709895444545789,0.05617889154876757
-0.7011084618455027,0.04532789695435425
-0.6989355002934792,0.04259611629293026
-0.6880709130797295,0.02893749044579999
-0.6815044603483762,0.020780212349682255
-0.6772063260938381,0.015278864415239577
-0.6686100575847711,0.004276168546366364
-0.6643119233302333,-0.0012251793880762524
-0.6557638801309804,-0.012265103305220355
-0.651513971186259,-0.017803679287929558
-0.6409860809783722,-0.03172401295614762
-0.6367361718792505,-0.03726258882038087
-0.6283332358328542,-0.048413634263005725
-0.624131767809657,-0.05398915698431702
-0.6199302997864664,-0.059564679705619114
-0.6094024091905198,-0.07348501308034655
-0.6094024091905198,-0.07348501308034658
-0.5988745189834445,-0.08740534674913458
-0.5946730507656788,-0.09298086932382944
-0.590471582547912,-0.09855639189852575
-0.5778187368200175,-0.11524601276379126
-0.5736172686022495,-0.12082153533848913
-0.5693673593098517,-0.12636011105441158
-0.560964422874322,-0.1375111562037985
-0.5567629546565581,-0.14308667877849043
-0.5483600182210366,-0.15423772392786678
-0.544158550003271,-0.15981324650256173
-0.535755613567747,-0.17096429165194088
-0.5273526771322256,-0.1821153368013173
-0.5252277224860246,-0.18488462465928132
-0.5188046333697062,-0.19315526028264715
-0.5104016969337261,-0.20430630543168238
-0.5062002287157339,-0.20988182800620261
-0.49779729227975583,-0.22103287315523482
-0.48939435584377566,-0.23218391830427004
-0.4809914194077977,-0.2433349634533025
-0.4746649965434915,-0.25167977388569945
-0.47254004194073107,-0.2544490617769965
-0.46413710550494186,-0.2656001069261966
-0.45993563728705444,-0.2711756295007872
-0.45360921442289753,-0.27952043993329967
-0.4428879907932899,-0.2932924232889086
-0.4386865224198193,-0.2988679457462692
-0.43028358567288183,-0.31001899066098604
-0.42815863094934287,-0.31278827845960855
-0.41753407319541364,-0.3266344363342902
-0.4133326047051099,-0.3322099587036021
-0.4070061814332295,-0.3405547688270151
-0.4005830918406023,-0.34882540408046175
-0.39213171355417226,-0.35993950178078504
-0.38580529010736414,-0.36828431177156484
-0.38150715527686746,-0.3737856592560157
-0.3709792636116016,-0.38770599182202364
-0.3688543087719781,-0.3904752795315711
-0.3582297504376692,-0.40432143696091044
-0.3518066604404674,-0.41259207190016106
-0.34968170562010864,-0.415361359624491
-0.3411336609566619,-0.42640128240793224
-0.33480723750979086,-0.4347460923986621
-0.3262109678487226,-0.4457487873675123
-0.32196105832410926,-0.45128736290525134
-0.31123983390074483,-0.465059345642958
-0.3091148790610876,-0.46782863335247965
-0.30269178929492,-0.4760992684711591
-0.2920672305732824,-0.4899454256032831
-0.2877690956271918,-0.49544677299742435
-0.27917282573502006,-0.5064494677856948
-0.2748746907889306,-0.5119508151798344
-0.26627842089676557,-0.5229535099680968
-0.2576821510045948,-0.5339562047563661
-0.25550918909012454,-0.5366879851294794
-0.24464460037443328,-0.5503466097819127
-0.24464460037443325,-0.5503466097819129
-0.23378001127772996,-0.5640052341312725
-0.22721355742180005,-0.5721625113221256
-0.22074246046110174,-0.5803956390106806
-0.2163965366038858,-0.585859199734416
-0.20543659047914328,-0.5994419734793642
-0.2011384553511427,-0.6049433207313812
-0.1945720010969487,-0.6131005976016461
-0.19017850899930455,-0.618526094293539
-0.18361205497327135,-0.6266833713474667
-0.17274746559077822,-0.640341995469496
-0.16835397349244072,-0.6457674921608344
-0.16396048139411282,-0.6511929888521607
-0.1552210654383028,-0.6620820462670156
-0.14643408124164164,-0.672933039649675
-0.1420405891433084,-0.6783585363410078
-0.13764709704497177,-0.683784033032345
-0.13325360494664043,-0.6892095297236756
-0.12446662074998012,-0.7000605231063336
-0.11567963655332006,-0.710911516488992
-0.10689265235664924,-0.7217625098716631
-0.10027885314103947,-0.7298814474466161
-0.09357103545227859,-0.7379228819744232
-0.08478405155727373,-0.7487738756013573
-0.08256374451486467,-0.7514673165467132
-0.07146243484575981,-0.7649342478596676
-0.06924212774675592,-0.7676276887583696
-0.05804679897067559,-0.7810171165003869
-0.051432999512888745,-0.7891360538780828
-0.046945488469131214,-0.7944840471277008
-0.03801736306775502,-0.8052189220431282
-0.029042340980246446,-0.8159149085423566
-0.02455482993649019,-0.8212629017919735
-0.015579807848978854,-0.831958888291205
-0.011139193491348228,-0.8373457699570291
-3.7883046533657844e-05,-0.8508127006304903
0.006575916865006248,-0.8589316376385502
0.01328373553699681,-0.8669730713461796
0.015504042941473721,-0.8696665119930709
0.02896657730469796,-0.8857104907081457
0.028966577304698087,-0.8857104907081459
0.04016190759915402,-0.8990999171806185
0.05126321945419796,-0.912566846691598
0.05575073082462265,-0.9179148396671046
0.06023824219504949,-0.9232628326426133
0.06921326493589701,-0.9339588185936238
0.07818828767674353,-0.9446548045446331
0.0826289023634105,-0.9500416859392018
0.0916039251042642,-0.9607376718902197
0.09609143647468998,-0.9660856648657271
0.10955397058595788,-0.9821296437922387
0.10955397058595781,-0.9821296437922387
0.11852899332680424,-0.9928256297432474
0.12301650469723328,-0.9981736227187599
0.13199152743807752,-1.008869608669766
0.14096655017892396,-1.0195655946207751
0.14994157291977786,-1.0302615805717932
0.15891659566062813,-1.0409575665228068
0.15891659566062813,-1.0409575665228068
0.16789161840147446,-1.0516535524738158
0.17686664114231307,-1.062349538424815
0.18584166388316906,-1.0730455243758354
0.19032917525359475,-1.078393517351343
0.19930419799444135,-1.0890895033023522
0.2082323240515329,-1.0998243776724275
0.21271983542196202,-1.1051723706479388
0.2172073467923844,-1.1105203636234426
0.22830865805981598,-1.123987293618832
0.23501647699808542,-1.132028727104353
0.23950398843377205,-1.1373767200250933
0.24621180724566727,-1.1454181536160297
0.2506052999507736,-1.150843649816015
0.2616597149113872,-1.1643494679219282
0.2616597149113872,-1.164349467921928
0.2727610259692245,-1.1778163980900738
0.28154801138181823,-1.1886673904880836
0.28154801138181823,-1.1886673904880833
0.2881618115072215,-1.1967863273219173
0.2991691039605906,-1.2103307606622
0.30356259675205544,-1.2157562567922422
0.3079560895435219,-1.221181752922287
0.31674307512644134,-1.2320327451823596
0.3211365679179072,-1.2374582413124033
0.32113656791790723,-1.2374582413124031
0.32987598526484285,-1.2483472976107535
0.3407405760116895,-1.2620059206475287
0.3429135383656889,-1.2647377006710305
0.35155759882824666,-1.2757026074810274
0.35590352349804993,-1.2811661675583998
0.36024944816785426,-1.286629727635774
0.3668159034077539,-1.2947870037125686
0.3733823587754024,-1.3029442796865285
0.3777758516798636,-1.3083697757250718
0.3821217763491269,-1.3138333358028762
0.3864677010183895,-1.3192968958806792
0.3929387991452477,-1.3275300226526519
0.39723693497593593,-1.333031369355655
0.4015350708066267,-1.3385327160586609
0.405833206637321,-1.3440340627616716
0.4101313424680112,-1.3495354094646772
0.4144772671754789,-1.3549989695120879
0.4144772671754788,-1.3549989695120879
0.41877540300616667,-1.360500316215091
0.4230735388368569,-1.3660016629180964
0.4230735388368569,-1.3660016629180964
0.4273716746675438,-1.371503009621097
0.4273716746675438,-1.371503009621097
0.431669810498238,-1.3770043563241077