3.212201053166388,-0.00030698217515557247
3.16033067233444,-0.012334018952299824
3.1138573863738386,-0.03328003854646852
3.065585085223202,-0.04739325817887676
3.0366054084296263,-0.05003383842089086
2.985210847282302,-0.06081436070457746
2.9214358372718574,-0.06618296020587569
2.923236186847546,-0.05999966828542677
2.920517298065328,-0.05884408860196402
2.8718962977467632,-0.07736608554377986
2.805509814730738,-0.09296965255700405
2.8021983417837872,-0.09281355654986476
2.7804036867832016,-0.08942347534654001
2.738313094636349,-0.09669026387349156
2.6934210583290903,-0.11108949192670504
2.635762769001135,-0.12349795430252836
2.590611794681589,-0.13544070006567308
2.5886488844132565,-0.1359460615126071
2.554117004121896,-0.13510936824538253
2.5163400853183027,-0.1363375684420231
2.473462300844104,-0.13444466308265382
2.4440145653827887,-0.1351690433796778
2.3767785414566056,-0.1311351852309505
2.308975797100314,-0.12574070097755352
2.2853929014589895,-0.12376801106587182
2.25462601456798,-0.12556469425571376
2.2354670729781847,-0.12749517646884403
2.18688610782854,-0.13749283264302417
2.102150804112731,-0.1468368464605172
2.0509768544037863,-0.15053801352814145
1.9663131437284573,-0.15838223635794565
1.8962013533666182,-0.16647775439874604
1.7925160068175798,-0.1811803775753327
1.7547671918320198,-0.1890639740394331
1.7196261128833377,-0.19259204578337777
1.6627553153910826,-0.19937514643293305
1.6081843173754389,-0.20431285531762788
1.5569395920462579,-0.21004919735439048
1.4998222472203246,-0.21482075316662164
1.4809319475934872,-0.22132847832301641
1.4572463306810945,-0.23076266259004014
1.4271958507452702,-0.23575362458884366
1.4461446473572859,-0.2383675359817047
1.4873613251480644,-0.23731573810831608
1.5157214548891143,-0.23738173519656586
1.5593773002207314,-0.24077254017053207
1.4945662358251797,-0.22393668033932282
1.3936707360561256,-0.21915038506685394
1.3199623369503422,-0.20233987719766822
1.2190715620348542,-0.19675131692480272
1.1379511719695488,-0.19530243399375735
1.0479504106731061,-0.1991523669092775
0.9739575324198099,-0.19841767633205107
0.8974976049269833,-0.19604183526891442
0.8197460835226796,-0.19594549985237533
0.7367448754157528,-0.20288080558399507
0.6686463371083179,-0.20951738026485683
0.6020806514114015,-0.23028022967582737
0.5017367759715303,-0.2619179485673916
0.44353304131031007,-0.2871013739644309
0.3955762945622865,-0.3069461176684627
0.3477214384774007,-0.33480086423971017
0.28953561613416007,-0.35553433041065174
0.24749754561264256,-0.3775710874977468
0.20346023290613563,-0.3887539077271117
0.1286517119600279,-0.4042444126061898
0.07266369882704479,-0.41943506113826945
0.020824704980533557,-0.429901906207137
-0.05748300092029242,-0.43794733510946565
-0.1225908109428625,-0.4485926641391381
-0.19152805717189633,-0.457725305945184
-0.22851423498195766,-0.46399332057016185
-0.28732548407757946,-0.4716939763475893
-0.3507335961180914,-0.479846851940793
-0.40213687532926723,-0.48848387517257946
-0.4535363448091343,-0.4975085607681751
-0.5208502332648471,-0.5039766875725197
-0.5756230399528782,-0.5130352435115971
-0.6386086288029528,-0.5246934629401512
-0.6975358851229773,-0.5396355282158739
-0.763120955387482,-0.549900683571285
-0.8087453131592345,-0.5554554321974021
-0.8581815119976876,-0.5635443726016109
-0.9043808008554657,-0.570174674223411
-0.9602590809084786,-0.5820441943520362
-1.0209013611528899,-0.5898648597904923
-1.1024708314331937,-0.6009324352960347
-1.1472744140874862,-0.6112536620521162
-1.2352460012832944,-0.6238457744958819
-1.2739734771798654,-0.6306882313237832
-1.3275420864834087,-0.6396443270060054
-1.4126772562570389,-0.6524543672247493
-1.4483182082096822,-0.6543758363168468
-1.4987878714777452,-0.6571720503415357
-1.5712257273607368,-0.6556456675834705
-1.6204786905976585,-0.6581698371294329
-1.6809505749373874,-0.6653882197442919
-1.7688289519499136,-0.6727405060078978
-1.8183031159154115,-0.675131147227243
-1.8989741722540696,-0.6813080059405341
-1.9566972186678775,-0.683682134331113
-2.013899298359405,-0.6886688420937092
-2.0680712892872113,-0.688070431259174
-2.12351674556069,-0.6895241362957778
-2.1558691899835964,-0.6913724242246952
-2.164294498123555,-0.6945684662759625
-2.2046616561905084,-0.7085833157576205
-2.2555383014564954,-0.7186710807387601
-2.275206604002638,-0.7288479202776762
-2.3282337486643296,-0.7351117521504094
-2.409072348437194,-0.745496336660561
-2.4646441595568507,-0.7506241739267453
-2.524797163203898,-0.761420305975211
-2.5781172941010966,-0.7711404765357553
-2.6355895525047326,-0.781039345780384
-2.683240904579176,-0.7898422484670381
-2.741181813045578,-0.8003420011876957
-2.7847151632564993,-0.8094556615566224
-2.801587827595777,-0.818327160085858
-2.8373724544783743,-0.8280504707010519
-2.906902506382814,-0.8388398833485334
-2.9620886396495694,-0.8486254666277956
-3.012333731393946,-0.8587955717652821
-3.0593132944542147,-0.867771170687447
-3.1120109122519395,-0.8727118105478193
-3.1788762741651215,-0.8828934705253256
-3.2094902036241297,-0.8870049051914901
-3.1991356580437422,-0.886001446122305
-3.2058819937004475,-0.8825892923649875
-3.214695195332938,-0.8830574111853279
-3.245421922027863,-0.8760958557119854
-3.301330576314916,-0.8625853021860708
-3.3674055377875884,-0.8481037815970773
-3.437185091824252,-0.8358693051836428
-3.5080787170878045,-0.8226711138449873
-3.5820349630538706,-0.8083167160709904
-3.620930212714404,-0.7970675999583408
-3.663564333178914,-0.787659464296399
-3.7016545659426106,-0.7752111223511745
-3.765804850274061,-0.7491349085397992
-3.782628247691331,-0.7440543795288835
-3.7910280256654,-0.7397414123677156
-3.7897744741048047,-0.7403967095175686
-3.81077427388393,-0.740011301833971
-3.7886646430483655,-0.7413858957518444
-3.7706937751785157,-0.7469714679993541
-3.7521686322840204,-0.7526203781612021
-3.810038162410649,-0.7356285137282087
-3.842765541624672,-0.7243266667798163
-3.8415886950457585,-0.7243988657648374
-3.849267180302045,-0.7229532413874384
-3.85660788476281,-0.7210129847159171
-3.8451067279467317,-0.7265392233595689
-3.9088480869864095,-0.6876523394437571
-3.9803108872688604,-0.6478817956269165
-4.04066848551668,-0.6160705057710458
-4.061178503195241,-0.598754624678757
-4.06085967986189,-0.5974657090259338
-4.081783016323737,-0.5904245518312597
-4.127970730279506,-0.5774115967815786
-4.204589624359656,-0.5571317261001137
-4.211647608187852,-0.55807751045293
-4.217683673867649,-0.559217969328666
-4.2622431280793505,-0.5527747555863047
-4.281152725408992,-0.5480729266627885
-4.273821868668833,-0.5537393851835408
-4.281232487834757,-0.5508674314692744
-4.326265435640153,-0.5341195916457482
-4.3923340976555085,-0.5028718445078838
-4.446764228755434,-0.4769896792067704
-4.496324265578953,-0.45696515103860286
-4.5343958295266,-0.4364651288113883
-4.573103147066243,-0.41793145125593284
-4.640880171572519,-0.3899837179676553
-4.70067317001173,-0.36421228386368076
-4.782878751786944,-0.33182874340836394
-4.855440947999457,-0.29941939178386007
-4.914117049678802,-0.27991703960314573
-4.953469803279232,-0.2656721092853278
-5.030341594279629,-0.24005457937183752
-5.076485926605253,-0.22184630295571667
-5.139593789154449,-0.18994808839517346
-5.149177468726375,-0.18338144643055318
-5.145780367938319,-0.1816424269427108
-5.14995329209237,-0.17606155590235362
-5.1639857173,-0.17190165210054686
-5.220235006093247,-0.15611808460062307
-5.301835178243253,-0.14824886549174357
-5.3370884236687095,-0.14531795263236497
-5.363879074174007,-0.14605690661609955
-5.396609764862648,-0.14183447412699268
-5.448761882276095,-0.12552171614923802
-5.477598046427485,-0.11543768522931849
-5.49505759509845,-0.11614647462913039
-5.484799423432202,-0.1334319662115911
-5.4657866541752576,-0.13624844236917055
-5.437585748049606,-0.1452968314925559
-5.460022139428369,-0.13575069013579882
-5.4813902039015,-0.12812880309051494
-5.476614720258603,-0.12533668964594977
-5.46219777175487,-0.12745701723135922
-5.4780416723133065,-0.12112904323895236
-5.491529334868205,-0.11584054099591097
-5.504314751327819,-0.11264688538541807
-5.524641458968533,-0.10883035978207997
-5.582334623255082,-0.09662155304247297
-5.625038653184753,-0.08301664772504612
-5.670902769237636,-0.06486869016100706
-5.7492512038575905,-0.0346992675142062
-5.770335019958045,-0.027686745251121674
-5.771547922657606,-0.030043281781905004
-5.796133660506826,-0.018008253775178732
-5.829196087228118,0.0031426007865204223
-5.892725999786655,0.042140039374326144
-5.9452428787995775,0.07437546323729671
-5.990799914659792,0.09467381979594411
-6.063478176951997,0.13371645224087272
-6.107002004574821,0.15836032528437818
-6.1729564820661835,0.19087473488958723
-6.210405799048526,0.2121634156935351
-6.254618490765658,0.23492089065905913
-6.307469390919213,0.27040198630479817
-6.377947439390091,0.3149753974269973
-6.452101895359902,0.3515035859176839
-6.473177434790907,0.3577346890148935
-6.514096216279343,0.3777337222870394
-6.551199411884716,0.38298528940673654
-6.607544021038054,0.39602490557932113
-6.661095665409145,0.40997752831486317
-6.721110540681375,0.43087600482944893
-6.770682647698,0.44423231002765234
-6.8097570500880815,0.4571600904457116
-6.8390375419900575,0.472044779911187
-6.878612066044678,0.4938936837806797
-6.923014442807348,0.5171230599815665
-6.990661502132644,0.5563617721226365
-7.064282134457473,0.5868258283090068
-7.154281189145107,0.6239067988459756
-7.242451724816732,0.6526284132356569
-7.328622122034014,0.6810962495144512
-7.42697474973247,0.710942561404826
-7.502375196629775,0.7387072346045118
-7.571287438253833,0.7635875578603645
-7.641312231571359,0.789328946194163
-7.6987401956312365,0.812843632720131
-7.758145708483204,0.839293817444894
-7.805752988542487,0.8598679217341284
-7.85644522439284,0.8856155646401803
-7.916259872144815,0.9149313477956768
-7.976972691495917,0.9460835344141434
-8.037016260305306,0.9752859607865187
-8.095785904321854,1.0024374318673637
-8.163069913226883,1.0351455280415751
-8.215124627276902,1.0594082800781264
-8.272044621381662,1.0893614234375215
-8.334046444906415,1.1240025985410569
-8.388763436956378,1.1498092726405071
-8.431982989782751,1.1675221876625979
-8.445653842240592,1.1724480986419075
-8.468186838911791,1.1806201902394697
-8.473894068990523,1.1785603344904931
-8.534500813427222,1.1901558047602394
-8.590459803611896,1.200380716807172
-8.62902518691092,1.2145648796550073
-8.636905934161934,1.2163082655438633
-8.663848518769825,1.225112654527621
-8.683627856422751,1.2308419046867365
-8.715781046372333,1.2273341980405439
-8.78304842712728,1.2294449867832296
-8.86184744655459,1.2298003468189576
-8.922660775540063,1.2286648004078151
-8.989210635345671,1.2308063168659427
-9.079123729122532,1.2323628205661445
-9.140257507006542,1.2316795691180444
-9.152666583376144,1.233153347381091
-9.195193066899062,1.2408317734940624
-9.195798862814483,1.2364308190139395
-9.24227045731188,1.2443654163887377
-9.295731780232067,1.2578825284562636
-9.36095412729336,1.2690990636749868
-9.405318371212038,1.2776415700787604
-9.405426077831294,1.2761160149467987
-9.401044951046297,1.2760926737877833
-9.4117805870238,1.2797683832355913
-9.45652370990916,1.2999125775315956
-9.504527463627861,1.3346664548362221
-9.560704614936105,1.3713090468572617
-9.627533646574168,1.4049636697559829
-9.722549155092642,1.4470395810099694
-9.767210761890691,1.4675133870177954
-9.801098947554204,1.4804078856809644
-9.87298889173655,1.5135359247880207
-9.908430013133176,1.5341418178645456
-9.953706715008792,1.5649892715676572
-10.013967393643865,1.6052368202917031
-10.062562280742256,1.6263169292529844
-10.06429843349074,1.6361401009110241
-10.123131737440897,1.668913482044666
-10.186455045993705,1.7062635934444752
-10.256631189014866,1.7411531730001115
-10.314216852980794,1.773570318820451
-10.369232837794966,1.8080618473954888
-10.406711877529274,1.835480950123423
-10.457321963341295,1.8642942927658859
-9.869167466631206,1.6505707521673596
-9.934775346513966,1.6842330833698498
-9.981213161098479,1.7022732725694478
-10.678301644535107,1.9677590344172642
-10.725490466912593,1.9874602890710389
-10.172697231594421,1.7921255454061953
-10.224770490320573,1.8159358862196213
-10.285680743127148,1.8475969823540603
-10.360418526116929,1.8827377062849193
-10.419552669226135,1.9098903777236265
-10.477458717109853,1.9364976895867796
-10.528529108414622,1.9678029205237462
-10.578160030301012,1.9923998195763757
-10.626329140277706,2.0211709137454754
-10.665407761005236,2.0408027242082847
-10.716579012524921,2.065098338050936
-10.73646006348413,2.0708490732687626
-10.719477690217333,2.064521768952466
-10.701765325327896,2.05794944606135
-10.707318686883267,2.061183599627188
-10.715452334766317,2.06511901511584
-10.75425891070295,2.077532897930489
-10.82154363445539,2.107328636270488
-10.885319619318599,2.1383903608528403
-10.929098420352714,2.158262999017516
-10.923230586189947,2.1560044149207127
-10.920682855023705,2.1562131040536614
-10.922968033223956,2.156838763682344
-10.916702628517925,2.1556079183526142
-10.934914686877775,2.1630016234662857
-10.990613487738985,2.175179584856011
-11.042236841107098,2.180057128233716
-11.082125916623447,2.1812054522011586
-11.14422366317472,2.198948432009005
-11.207707352149196,2.2092849451497747
-11.2481963341623,2.2132849947884345
-11.298631413595604,2.2228854258597375
-11.372193424077112,2.236243757290025
-11.424412277241522,2.24931770071401
-11.461541225037752,2.259711822221676
-11.510312604686654,2.2722698365945253
-11.569860873328691,2.2930956718785653
-11.634217529847813,2.3128264244714547
-11.693853802657353,2.3315371213704514
-11.744792461207743,2.3477254191121815
-11.810049286971507,2.3684756138388923
-11.874113459260187,2.389549119211444
-11.926671212758489,2.409271117198524
-11.990110718859755,2.428735968770253
-12.04713669004471,2.4456254916122475
-12.114170968810125,2.4678450641259935
-12.187762059091593,2.4951434313747964
-12.238705921374223,2.5174136657929442
-12.269067023317753,2.5319098418996107
-12.333820770742651,2.551146686792885
-12.387446088641584,2.570444266637353
-12.44360278219965,2.591169682096288
-12.498271811802095,2.609235640113488
-12.560684635715473,2.6281138522324814
-12.621588715154438,2.655185264882949
-12.661559238550513,2.682370750727779
-12.675371898591685,2.688168088005155
-12.694205388209308,2.6970748957163306
-12.70387878733017,2.6987350082425454
-12.711085755788677,2.704272811397755
-12.727255396907847,2.705139095376361
-12.794795302870066,2.715961352732664
-12.851760128640286,2.7245166834048447
-12.918871121141937,2.738688880922456
-12.977921321676018,2.752812117040216
-13.04766018825264,2.774111314555672
-13.101715851313715,2.78777138082347
-13.151460842973108,2.8001725104745807
-13.223508448173977,2.8156332376231377
-13.299774996237316,2.8354103893936613
-13.352188159116135,2.850537360167669
-13.37288341910034,2.856676989401348
-13.38891638567785,2.8593258994865813
-13.396211432262437,2.863931165879363
-13.425868071374788,2.8759688441979794
-13.474513880150441,2.909585452764671
-13.523891866674946,2.941346364605067
-13.581558805264354,2.967718438592598
-13.634430385886121,2.9891135923508814
-13.703376558812183,3.024549453673054
-13.758832732169713,3.0601224271839684
-13.823305966733656,3.09834971658092
-13.854900626500855,3.114426587474092
-13.8630369931894,3.115461747525939
-13.891587693717009,3.12547674502274
-13.948942003253954,3.1398306506682068
-14.039931727210174,3.1660545877498274
-14.109862678434002,3.1887143629495984
-14.187035398232727,3.216183191058007
-14.234247195351916,3.234158560015373
-14.262830072924954,3.24524286614358
-14.257044088387026,3.2453503015301473
-14.272488110124723,3.2503767656420743
-14.284980836199622,3.247104504254988
-14.336084804647378,3.2479373957173867
-14.39855258692845,3.2533168098140175
-14.489894251366387,3.2685438338659827
-14.505940726799794,3.269957508178397
-14.538164506214365,3.268654366216704
-14.604274741305137,3.2615130077416676
-14.617856996270513,3.259197423304732
-14.629672261794878,3.2625650032245894
-14.629388472894613,3.2591801418023816
-14.644899997356287,3.263798300135681
-14.663590948176978,3.268176360574559
-14.673584242468277,3.264682451260633
-14.73373536323061,3.2797405126770713
-14.822803863583871,3.305346642786074
-14.87556994736914,3.318555185094602
-14.939613964380023,3.330617709738621
-15.018617466525146,3.348447535799521
-15.097076254686362,3.361047575564785
-15.152763834463094,3.3688236808417913
-15.188194839595901,3.357748393518178
-15.239692060455996,3.3591222146540733
-15.28815538379565,3.3516929323413613
-15.307906064255656,3.3365805643597484
-15.305365196545106,3.324020155434424
-15.290631924082312,3.2950742069903134
-15.27375951430016,3.2811802436348265
-15.277761358753766,3.274924177696901
-15.344224689725575,3.2936174392649042
-15.411686791809483,3.315636128556502
-15.468610289776384,3.3471224348266655
-15.53372979155434,3.3724299745431154
-15.598837873418171,3.399855484617494
-15.628382858339767,3.403588868911022
-15.605146189425563,3.3937076523862384
-15.628975525330242,3.403880612859798
-15.667007582968106,3.4315060956478924
-15.715066799913336,3.4695595587282986
-15.743436858445662,3.5002859970872167
-15.775544222530057,3.5321759497320824
-15.82701795604732,3.571031330611386
-15.874509611402294,3.5957864427638584
-15.89687079032878,3.611938550375325
-15.925767812483375,3.6195985961881627
-15.994325916655807,3.651114798556029
-16.021906857927192,3.6619128473226463
-16.03284256191773,3.6673050127761444
-16.053354844947943,3.682139810323842
-16.11319262842904,3.7221169171453043
-16.15778405003074,3.754586081876157
-16.216525240884987,3.796326618224327
-16.287356074864945,3.8356828743329068
-16.279091250828078,3.832736175362794
-16.283196510357346,3.836316491742894
-16.2929081635629,3.840833650643734
-16.338119312078632,3.8569279720155034
-16.404534951068705,3.874627266093659
-16.450381605393456,3.8900786254950668
-16.44868288162844,3.8926618052113224
-16.46692008507382,3.898028224377644
-16.530805607706057,3.930446922659696
-16.595228784952024,3.967995450871746
-16.67461058176078,4.012646470251724
-16.737967847084253,4.046406018071315
-16.7891975974629,4.078594878401495
-16.856822155364913,4.120181756619975
-16.909942719746077,4.148732701796754
-16.96608211623235,4.1752714726932805
-17.02064716593307,4.209837000961517
-17.07791866376343,4.246722557743424
-17.146341984078056,4.286629058270874
-17.19383822849369,4.312879038496818
-17.268349461180343,4.348820961136349
-17.342912736286745,4.39329712292404
-17.362931528906234,4.407766239448994
-17.39019487734029,4.426192825009278
-17.427172167046002,4.447068959365761
-17.485542376448308,4.475790980544257
-17.540821155373102,4.5096364356450005
-17.60303419416691,4.546668665208376
-17.653288366775467,4.583561337564733
-17.637708366712314,4.577453964590828
-17.632555270238385,4.574425969005652
-17.649762593651698,4.578466875847323
-17.702830024985236,4.596570990513332
-17.777958784236848,4.613818851459257
-17.820347465470828,4.625205138000885
-17.85520598567123,4.634057895750306
-17.917122439381757,4.660891628391897
-17.982802998911975,4.684570441688513
-18.04837776030185,4.704779742529312
-18.109289719457937,4.722253644433808
-18.166176498356734,4.7382918679241905
-18.2251184593872,4.762917080911054
-18.25534091845197,4.776387226168627
-18.299627561913937,4.802810140138885
-18.30820871387087,4.802495781258777
-18.32277175640473,4.8069763251284146
-18.351290059343135,4.812012777432202
-18.386454563899115,4.818146324215477
-18.459072187922047,4.837829616553989
-18.528627627073,4.855150496227679
-18.59215735673009,4.863460309130092
-18.66782087728795,4.877106056192643
-18.742352261844932,4.888821928126388
-18.808309372787775,4.896246561492645
-18.904020194692954,4.91592959167086
-18.949079989382795,4.921851192800534
-19.006573181832902,4.9380530727035055
-19.07122125595492,4.958547707664795
-19.14829172281851,4.977781443765014
-19.21664903002188,4.989832713452915
-19.31494957001508,5.00806367168898
-19.370723705590706,5.022166722580098
-19.423801660803733,5.042888933087695
-19.4791843260228,5.059650362526268
-19.54227206921996,5.080846368180252
-19.620809457558625,5.0977083135202
-19.685477364288317,5.121053980708853
-19.7534900870564,5.135513600606863
-19.82978210541018,5.162351782003386
-19.889777137315345,5.182219083775709
-19.987267792632935,5.222278518856947
-20.059971737965373,5.251968902311286
-20.110039260265207,5.269748779638727
-20.172449167562448,5.285361180558868
-20.229159336638,5.310949686540053
-20.280220695083592,5.345898360377423
-20.346151455530737,5.376525772434271
-20.391207339523,5.400509181836996
-20.464458437594853,5.442315476779758
-20.528986465059212,5.4739091502583115
-20.579457012386037,5.492570084749504
-20.629029661547907,5.517351137221647
-20.66933392595191,5.549873683157833
-20.72580092520019,5.570358407195087
-20.77377638077352,5.600840110244389
-20.8262647417959,5.628493291446822
-20.861840772279873,5.646747154023503
-20.91655173378706,5.67835866266298
-20.942389324624354,5.686423779279449
-20.973413527388498,5.688634681153391
-20.9884062841472,5.679993320526889
-21.016031434854792,5.685166305932283
-21.026867932438833,5.68675260161489
-21.07292205093185,5.688732669329431
-21.107749481104324,5.691921688803079
-21.13474768464702,5.70702701810198
-21.146178034670953,5.703364471152583
-21.228758487950383,5.742038481404214
-21.261748517727913,5.780022612469247
-21.273249566298205,5.792924735188593
-21.284470179243062,5.7920261225442635
-21.272626210407424,5.789954536704738
-21.26381996781204,5.765795209373753
-21.25462692113082,5.755614091946321
-21.262878124428436,5.753664492088996
-21.315677281623472,5.772958610088729
-21.34401711415991,5.796561212486585
-21.378611566389424,5.808353110373797
-21.413372939321047,5.833890395553587
-21.45240148536639,5.864247011406852
-21.497794824639865,5.895251399893228
-21.545869114667166,5.9093543016681105
-21.58636546123349,5.935538292306186
-21.636499010125277,5.960288389789691
-21.684163582818854,5.970715404256955
-21.73937485517952,5.9749166161206215
-21.812866434608747,5.9704177602914905
-21.865614067299877,5.986659420012204
-21.890286287294288,5.987579960962836
-21.935775533855185,6.0042023388230605
-21.947508882831098,6.0283029015944685
-21.965672246005305,6.056256362688124
-22.00526722341055,6.132849503157998
-22.00819224831465,6.179902690914722
-22.036556277376587,6.231406935913442
-22.053820140455016,6.27489907655608
-22.072304291510672,6.346501731514541
-22.080852822338834,6.424274661201259
-22.10130385868567,6.496239208359682
-22.123636476689516,6.536909815400924
-22.121161612858547,6.631755944335735
-22.124279394537304,6.702926515384815
-22.121862525258297,6.752460307146556
-22.102895694720335,6.778157738255803
-22.099282663832156,6.811154209370943
-22.09398727947901,6.876012730008728
-22.06722112995775,6.943745104278151
-22.069758960575,7.007187294442198
-22.0398815689594,7.071685077145744
-22.028522132606525,7.11547216224214
-22.01142875375094,7.18370980978178
-21.98393226715321,7.186913893623375
-21.97029481015255,7.195116627718791
-21.9542450445183,7.187066075225785
-21.974013733236728,7.168841810822014
-21.974616579272237,7.172036845871524
-21.961394293330915,7.192053189714519
-21.94375453299522,7.229280604916537
-21.96210969292623,7.208456115576595
-21.956441408977607,7.1946853861032505
-21.95459967266131,7.2085060520818205
-21.946161835107535,7.228821451807456
-21.942603971961304,7.2343162055407
-21.952142795787946,7.211466726772885
-21.906879722246288,7.231903753685985
-21.881158841651835,7.254133154082215
-21.825522317283244,7.283656932716777
-21.785575536017838,7.302024928798313
-21.741551065117957,7.318419051450465
-21.730052385705363,7.310073988747783
-21.72653421181927,7.301333098546931
-21.729232880018092,7.291442880072137
-21.684749134646488,7.306570299596493
-21.62591377398317,7.3428576894118684
-21.553855560040443,7.395036610989537
-21.509100440707527,7.424156563063138
-21.465581275078506,7.439873264326905
-21.39363495200545,7.473151914302994
-21.36191967845598,7.473595665497752
-21.263226457291168,7.501863907781064
-21.199853179400392,7.514304541751946
-21.12285815020029,7.527466233613294
-21.050020368519505,7.528931620682369
-20.96923896178004,7.536148479249959
-20.885247355564765,7.539754556410852
-20.802785665834673,7.5359738546151664
-20.75999061266985,7.529222117172099
-20.64054413390173,7.5228891781909155
-20.57633740749961,7.505815351987675
-20.481402388082117,7.487944597674958
-20.43245464756496,7.478537302939683
-20.40356860769941,7.470517558421116
-20.38755331433447,7.465123606735971
-20.38560477659943,7.466395286057965
-20.32034364181923,7.472339922247212
-20.288693986483846,7.477062895133795
-20.231529667225484,7.484066477254595
-20.19755006421009,7.487222360252733
-20.11784803830943,7.4885413690420375
-20.074484095438393,7.4939514375358955
-20.050583808667547,7.499484663182019
-20.066990131016652,7.507416359411577
-20.085302976822135,7.514541713820236
-20.033200077113793,7.506371825018323
-19.96949016116846,7.493787830241765
-19.93495668467685,7.482151008329855
-19.874221306017247,7.456727447715562
-19.804550727760684,7.43218425132204
-19.758044654905344,7.4129068866160095
-19.678436878283737,7.387736272542516
-19.597799835624034,7.363696810528968
-19.51490140454535,7.334219591286664
-19.449466716299955,7.311371580910458
-19.378301227630693,7.272535272819994
-19.313542914074013,7.247558166756158
-19.299988060094986,7.234034317768001
-19.265162625587113,7.21972478946806
-19.18393482605176,7.2011206258770795
-19.11381332966965,7.181379543146325
-19.056134848379532,7.166032073300684
-18.997780485194646,7.148384787980873
-18.93895195999306,7.129730613218978
-18.866098350711827,7.1093497412423305
-18.829448311162224,7.097049322500519
-18.84877235534342,7.092903957076104
-18.8398880221217,7.088447256557262
-18.82852351540274,7.089313011426379
-18.80616078363453,7.094931487306817
-18.757275231668032,7.093722891968887
-18.721821831030077,7.09243183529506
-18.688353954938005,7.083146340531363
-18.618361441477727,7.086287194043243
-18.555632690626815,7.090141472460544
-18.50766770135992,7.09444074898357
-18.470555769460592,7.089612504068098
-18.407142164940275,7.074145339703598
-18.337938998519288,7.0697298833327284
-18.293623181875883,7.0730709772563705
-18.251482599022445,7.066864266324806
-18.24235245379211,7.061621747384284
-18.229182275572455,7.058614272207692
-18.216523519183223,7.055611118119143
-18.132823949758848,7.025166828888525
-18.079447920627537,7.001750650399133
-18.016844606744996,6.970769222202143
-17.96368885072457,6.931851513956713
-17.917736685985645,6.901689896309715
-17.84515489607682,6.8604538474670775
-17.784742514207466,6.816494533420379
-17.741830965888624,6.7860474922294705
-17.71037188778509,6.742203236969805
-17.687556807701338,6.705135087496431
-17.63598415072495,6.650515731675945
-17.619337362206007,6.631749663033284
-17.610643253726874,6.622183019551174
-17.5959859546153,6.608097885301619
-17.565761740117466,6.582767747833181
-17.511026103367637,6.546178511107617
-17.452495150579754,6.495896770880607
-17.39463720374011,6.462607395300327
-17.345541654528937,6.441290101120742
-17.285703293532254,6.404535705024469
-17.240760279465373,6.376674852121003
-17.19228754558115,6.359077380766076
-17.139438044004336,6.336264409171365
-17.080802927408737,6.308695140184828
-17.022557599224005,6.284628376404833
-16.976082253042897,6.268990211312204
-16.87427481373349,6.230545826605102
-16.774988708129545,6.186420815107279
-16.68725122658037,6.140797497708348
-16.617165161305493,6.102293104346394
-16.564004933241726,6.084734352475812
-16.481975839292062,6.0461389036785285
-16.412412308787587,6.0164614225704645
-16.34296352440356,5.9877980887739914
-16.273502544661145,5.960608317262345
-16.191922335118278,5.9202335474838925
-16.135289121560934,5.887765893030097
-16.05607844689718,5.849097261004269
-15.97526157840932,5.807797239088823
-15.912258275027837,5.787938513081572
-15.857992916559411,5.765103519967404
-15.79818843867396,5.7487098271788755
-15.718406572371086,5.7158109467432165
-15.695306859867028,5.697418405648406
-15.643914023944324,5.666944549993333
-15.626541481225363,5.644723385761487
-15.575251995510483,5.615214162687523
-15.50430979514599,5.584910784624632
-15.460256004010294,5.567259887949854
-15.397646415507392,5.5442267965279415
-15.340333673780112,5.521586125312424
-15.242487062110035,5.4839314792475236
-15.173833692542269,5.455663488314205
-15.111177002360565,5.426884591390888
-15.041427271919902,5.397555766431916
-14.961338473819842,5.372373011513889
-14.899460301707578,5.349190061250353
-14.85030585883854,5.329389409611789
-14.793856522820857,5.311507684107286
-14.708455923260583,5.28887729624856
-14.64992353876411,5.273009548798922
-14.580114816416513,5.244421839402147
-14.497649726720685,5.227689733678496
-14.436808884271809,5.208435479140314
-14.381271270919578,5.193086999751431
-14.327551790832231,5.1772963423298615
-14.248564461310446,5.15091693627172
-14.225505942002805,5.14063641225575
-14.174489719018368,5.127253508780191
-14.100974850471616,5.106441769196817
-14.042268303421269,5.08560451348262
-13.98802273634153,5.069926536425595
-13.943211448237092,5.052320617555558
-13.906073313769486,5.040362282101219
-13.852173375635534,5.029072035328143
-13.749175461885153,5.003827260415246
-13.745615286811223,5.002549733434459
-13.639256967321934,4.977062241324847
-13.553811322786416,4.960757198323003
-13.494803616465598,4.950195603094337
-13.418464520450552,4.932738911062062
-13.355800372915116,4.909364091350075
-13.300320413432727,4.89586966950184
-13.260570255068545,4.879878665528167
-13.206315068115984,4.859718882799387
-13.084869911635352,4.81613715466544
-13.048653590780011,4.8007888033695085
-12.953828097288794,4.771027580881117
-12.90045141844499,4.752969742095247
-12.812576089680356,4.7195320758241825
-12.774005925023769,4.70582894309511
-12.722515962523582,4.683868859799325
-12.615055283685166,4.64891756148748
-12.533740563918201,4.6064121797134465
-12.45428523098593,4.571164247154357
-12.426294439326412,4.558053619131706
-12.437135216383894,4.557382367131393
-12.39917075177789,4.547057646268871
-12.356107350651946,4.5380624191529035
-12.268264663938256,4.518914191829865
-12.225189947945948,4.517865907208735
-12.124951472219731,4.487855594891888
-12.017691424544962,4.46975716951968
-11.957331907153252,4.457992819012957
-11.872624486622396,4.43833099280732
-11.794312091012351,4.423063703191334
-11.679792741695534,4.398352221333727
-11.585498996268987,4.373236455927762
-11.490550674057172,4.34396541929046
-11.415726828362589,4.3223889558216575
-11.336629720595418,4.296861189242959
-11.276915865228398,4.278216343174528
-11.209908827857689,4.253276771613283
-11.129669988736651,4.22335220488218
-11.0946719843169,4.208802603960915
-11.007747172787727,4.1770940793355145
-10.926407717791019,4.153872923861302
-10.823935460623597,4.121358391945166
-10.775937230975858,4.102385637530629
-10.729594986012462,4.082316637474043
-10.6532994062432,4.046285876018667
-10.576457744695695,4.014171427248033
-10.522062041752665,3.9824750506290645
-10.439695246952063,3.941350534533482
-10.351377760797,3.8991337082577107
-10.284213791902202,3.8597725809102803
-10.182467691750208,3.811526248961512
-10.105829554798325,3.7704358646264713
-10.066789250929295,3.745037542076481
-9.997190776939263,3.712107689495248
-9.938319358866126,3.66831129625001
-9.903709123008067,3.628145841787566
-9.86954520164421,3.599165411743596
-9.821415172872488,3.5682758256661478
-9.749469177754094,3.523238839736836
-9.69503491613102,3.4904992812035616
-9.643719225294937,3.4616935672242746
-9.584185646589997,3.433887561442245
-9.517025108384178,3.4010009531969403
-9.454734995495986,3.3732966126881614
-9.399967116014777,3.34716231079002
-9.340124862175381,3.319194860635191
-9.27456560781283,3.2837109692054387
-9.225272660036838,3.262113610366321
-9.192295423712798,3.2419186949333354
-9.12422423963552,3.2077243343740034
-9.089223641844843,3.1857838341166698
-9.044098854966677,3.161207697819298
-9.016942134122893,3.1562460656980096
-8.977776938087603,3.1326416085584823
-8.955156641886356,3.1112434834513927
-8.921514984195314,3.0919461868230265
-8.888779161996778,3.0785136833316344
-8.840417015670653,3.053309240047966
-8.795853979986925,3.032616659814125
-8.756607253460366,3.0131427339152177
-8.711696918768975,2.990854869666087
-8.67731992777525,2.9730833791243705
-8.637355504156806,2.955697351168442
-8.586018197710569,2.9319389759052568
-8.529214493050205,2.906886053683696
-8.471972560439484,2.8928089435368958
-8.427393034200316,2.8707675938884174
-8.359571285503588,2.853327687868688
-8.332986858198556,2.85580135579997
-8.31335017427277,2.8634221428548416
-8.25496091711349,2.860157979602248
-8.157738285555592,2.848805836626535
-8.097916473795834,2.8480535051057867
-8.05380270776889,2.852919543135023
-7.991574669644155,2.8524384912543437
-7.949903102998114,2.8561560884812387
-7.893062307169466,2.8538149454292423
-7.833275840595866,2.8635914799082043
-7.810655834851191,2.8606310491605735
-7.810898337047119,2.8591028704081913
-7.8169558516942335,2.8536317555842547
-7.80628389123271,2.847004136634625
-7.78658435233473,2.8443494975759664
-7.720942236799736,2.8203626070889576
-7.665756014967523,2.7941146030280266
-7.621293528725872,2.7867262669758617
-7.550539135497401,2.778858225396816
-7.499291871758602,2.772582853722108
-7.5040454860324015,2.7876952385185123
-7.485692311791181,2.786757176854164
-7.439979893526527,2.7689382650893157
-7.392912805325312,2.739167365012441
-7.335838233027843,2.7164579784046996
-7.269657689497311,2.689297988686216
-7.233838744624672,2.6594659827022995
-7.20844081557396,2.652492572509688
-7.190144744572439,2.6664387554409483
-7.162156047663278,2.6552413401153263
-7.115639013322492,2.622915060763733
-7.0677926695165425,2.592557515719124
-6.978584956323202,2.5151634160902887
-6.9424142746756665,2.501032264221204
-6.896337748716844,2.45610327783187
-6.8479461356365725,2.4299098990384524
-6.798749173575418,2.3897183674213975
-6.747691428772259,2.371302355738991
-6.688178334413003,2.3494410983101726
-6.631730367832047,2.3365997656638493
-6.583579416821027,2.32263272311555
-6.5331468742129735,2.318889278524908
-6.4790366713708,2.28829271984778
-6.3944853205911665,2.2829359698176823
-6.30316777032569,2.265696914845858
-6.2742173693292385,2.2971348562973293
-6.195483240770942,2.2967216741825776
-6.112729684833249,2.2770266902048033
-6.05681155517831,2.2821516877440713
-6.015189074675022,2.2897425735177213
-5.982373648253673,2.301930605773861
-5.962355472695952,2.3071397658531803
-5.927781700446029,2.319021275249088
-5.907573974200884,2.3170206446442085
-5.851803183704877,2.304497958158298
-5.7969031695444695,2.301461309954827
-5.747606071861163,2.2908240320189854
-5.71753431944464,2.276194960498451
-5.692723979853117,2.2822666585184197
-5.664745776366644,2.2596016304349216
-5.648028573532668,2.279314553688153
-5.597132552114393,2.265509915751389
-5.537797314853236,2.257392970905727
-5.540676091631373,2.267143315518234
-5.544526848510518,2.2704555436529072
-5.50897814316662,2.2574080229345137
-5.469765520972364,2.2395202784087256
-5.45852727202734,2.236177209359644
-5.488788547883138,2.2601322571226925
-5.422479589065707,2.222328248932579
-5.381595370620666,2.2060334802458375
-5.335478807856662,2.1834235715789103
-5.274503981891741,2.138233873623501
-5.22014316638027,2.1013693473007393
-5.1598256948481085,2.087717497532722
-5.105059879485376,2.06619591531202
-5.051260290481286,2.037985156005175
-4.993417937722144,2.0116041232842723
-4.940002738539209,1.9842309018173778
-4.917316062224554,1.9751641830046671
-4.869961544518695,1.9427329346162956
-4.837778721078024,1.9275618079384012
-4.793958219488971,1.8987018236825421
-4.7836862505253475,1.9089741138774523
-4.773492467426712,1.9287884844895984
-4.761901520580207,1.9413744844990437
-4.7685830387695605,1.9488361826779503
-4.804351783126409,1.9626252836927398
-4.829795430993108,1.9924140335607272
-4.847620674044719,2.0135160050326912
-4.888934664896687,2.0345123277388346
-4.898566648344918,2.039838549571305
-4.932547124675494,2.0665280286774403
-4.943128604037922,2.0910977496920946
-4.951750208228214,2.2077040832615973
-4.957501087570529,2.194558270084396
-4.956123789111912,2.2049524076948974
-4.940829584202925,2.1950228827804334
-4.903597983284442,2.2117121945343623
-4.875251898678517,2.203784229397074
-4.869643347424585,2.182770903140259
-4.847838575543024,2.1341672148943447
-4.840413594024379,2.1222154409399105
-4.867943601202045,2.0953041872163762
-4.905427479627114,2.119754939942975
-4.9256974986274,2.061453442453207
-4.9228375747908615,2.106650542960414
-4.9495688238947055,2.2194577881614106
-4.9862312338898445,2.0901567605899167
-4.999115163884223,2.1206980811286376
-4.958289922372559,2.1163968557863826
-4.929870041633855,2.197673964204821
-4.911482476612578,2.18925288343962
-5.816522044865147,2.3976638172449687
-5.801211301007755,2.387754846303952
-5.793446212148478,2.389100359202613
-5.789152302473439,2.3826950436373693
-5.76874081736375,2.37466670069486
-5.7757565827098025,2.3735798574455087
-5.780869212710017,2.3702831547423955
-5.795454143832043,2.377651871986888
-5.80978324085846,2.3836590256329564
-5.834623803373152,2.392340678715921
-5.8462572490082305,2.4113832567528073
-5.809382237319671,2.385951045169067
-5.76791726446901,2.358743175633665
-5.706731357435074,2.3323868141739688
-5.64292249353619,2.3055846040276924
-5.587251459872516,2.278049078659954
-5.537499272890444,2.2567056171898225
-5.498656114726955,2.2315414328081693
-5.450002724602831,2.199203617015309
-5.395750560585013,2.176862451980309
-5.332889296865421,2.1479372476541623
-5.305162933066504,2.12787154172465
-5.260718838062954,2.0992824668927668
-5.199885561626092,2.0719076706332005
-5.1621849557076285,2.0486593454297166
-5.111477570940753,2.0132354621459765
-5.067175190919819,1.9839123904191065
-5.008497485904875,1.9491173909202355
-4.961408838959573,1.917928701395545
-4.917277880634855,1.8901978153942434
-4.862404179346697,1.8539857853728268
-4.8164737225354814,1.8219691539750333
-4.74805530497187,1.78884874198483
-4.695795258002452,1.7507875684962713
-4.653837241798432,1.7136880438404067
-4.605767561726333,1.6690429538765417
-4.553451551130561,1.6399799331167944
-4.506868752393436,1.6093659940293779
-4.463977385213003,1.5693360828693115
-4.43539703941245,1.5608261257910931
-4.406056728788238,1.5497553455509037
-4.361030041942825,1.526238516046767
-4.312834618100312,1.4987126278053855
-4.258836245023912,1.461601342298605
-4.234074835982803,1.4402905787653835
-4.238988807976204,1.4502387122569003
-4.220004374165218,1.4295876487790138
-4.217662388839674,1.4329982125088447
-4.153281093239085,1.3988720930457479
-4.355039141392584,1.5503922705793132
-4.344465820743038,1.5619968667072395
-4.3091132368903065,1.5496387460334915
-4.252477585479771,1.513864381389869
-4.28086672737904,1.5434654417143
-4.3153549551235315,1.5787217570169292
-4.332435661890213,1.5979725327533576
-4.363874399317085,1.6249747484930315
-4.343864340849964,1.5803042177003441
-4.2897665099128,1.5237417864364673
-4.247055830120521,1.4616275765082107
-4.225360113839797,1.3996801355409723
-4.187375149356306,1.3352905134134896
-4.17703584015623,1.3330149987738709
-4.2142056686922995,1.3799815686541559
-4.167964610684737,1.3148411555599788
-4.124505727510397,1.265289097617488
-4.090944872664285,1.2130538359327685
-4.073986366879379,1.158670374467477
-4.037458250497959,1.1613137186008702
-4.010815636110004,1.1104086319417104
-3.988636653898613,1.061806161932178
-3.9822830113660457,1.006789758892931
-3.970885276954873,0.9489690107648232
-3.959472586526903,0.8773516920675181
-3.9673945587400783,0.8001366871174328
-3.979056738506014,0.6767675705204867
-3.9675049045785946,0.5863646746116811
-3.9511160124138436,0.5088058506080954
-3.9531830938971306,0.44147397263320665
-3.9272733266899165,0.37007193799225246
-3.9467862572503813,0.31210426098724886
-4.025350721317238,0.17094928287229683
-3.9366777990112416,0.17190349919911704
-3.94496329443554,0.12447551010762015
-3.906875382746676,0.026397034024767133
-4.102114825346364,-0.11618190208701965
-4.112380790936292,-0.18027131750296918
-4.103640032474944,-0.25038537341984324
-4.102368492058871,-0.3206211934180815
-4.081073134246654,-0.3850048116918811
-4.0773279846338015,-0.43254730886688647
-4.033410244380911,-0.5065764873424854
-4.061820103712298,-0.5744607901182744
-4.071146866718324,-0.6387481299758778
-4.077781265372478,-0.7221222200064178
-4.0854819403396805,-0.8032136905997032
-4.08211825073032,-0.8698418070953466
-4.119556636955816,-0.9347083603496219
-4.151957529250342,-0.9418897333938419
-4.195762365048386,-0.9368491319597669
-4.239096692788021,-0.9657815388530995
-4.267402420545661,-0.9729367140271568
-4.275491097189336,-1.0500493824337085
-4.328055116227426,-1.1191374196100328
-4.3434112440334625,-1.178310759399712
-4.375713987909799,-1.25332818686875
-4.434424928379965,-1.3082151613115536
-4.471890868598981,-1.3678245446307251
-4.500049082866693,-1.4508772423040486
-4.51858776784825,-1.4963031448205213
-4.521780754572928,-1.5758066285519734
-4.52043512501015,-1.6300860254860043
-4.518834185434306,-1.6700977255711231
-4.529107811955004,-1.6711127199266307
-4.5292239896272,-1.727266192483217
-4.510810585076349,-1.78311570081508
-4.5335334839578465,-1.8421702053194922
-4.533926054258196,-1.864099983931989
-4.537827025280975,-1.8820069492620395
-4.552443502840515,-1.9265294793272971
-4.557797486174665,-1.991794557448359
-4.541210342685205,-2.062887440542657
-4.32828698604227,-1.9446135751465194
-4.3134407311992105,-1.9831592437549903
-4.310860053467176,-2.001410867319492
-4.321323081887792,-2.069835409979151
-4.304919188299982,-2.114289443648466
-4.296198481878667,-2.177322346307139
-4.295559333936365,-2.2404703894892917
-4.296447009890699,-2.3100913059283403
-4.265815838098846,-2.3526704732511066
-4.248634527238551,-2.3902252922344847
-4.248227791276289,-2.449277390002186
-4.233129674684921,-2.4968810582469674
-4.240748708472112,-2.561897109499127
-4.236969100118726,-2.5839175461726573
-4.2320724620416,-2.6301966438615723
-4.2354467034694725,-2.6320199091719316
-4.21453669808772,-2.5979461735790603
-4.202790814457015,-2.5879609757653244
-4.187074573135802,-2.5879328271140074
-4.209409915596343,-2.6102822606579523
-4.225176649731725,-2.645654241642392
-4.214944583540509,-2.6419188589005005
-4.22384152405792,-2.646453854744049
-4.2169776178136065,-2.6315556651666085
-4.183892939625398,-2.605944236781778
-4.181150589441883,-2.586570399136236
-4.16806026570229,-2.5660453261439082
-4.162562497051396,-2.567527488021108
-4.152019387882694,-2.547221814967951
-4.1443417041778785,-2.5474343568635627
-4.151463954218671,-2.548868382396488
-4.200226387969612,-2.5537035503653103
-4.229328486867647,-2.549634243649303
-4.25829438490023,-2.5555074473178614
-4.286181921617908,-2.5514150655698
-4.346794592137238,-2.562529304579536
-4.390003453305369,-2.5706023657956023
-4.432469388009142,-2.5737486636123297
-4.417545531376212,-2.561006198167282
-4.411841123991665,-2.550055926058965
-4.411988240097866,-2.5473266707152913
-4.435597819800642,-2.548249438714437
-4.487359937361402,-2.574386141043189
-4.5289634248172925,-2.585964641867377
-4.562060862227612,-2.5798837870206643
-4.616144898998396,-2.58944431480756
-4.660064460339207,-2.572704262588208
-4.693821225722054,-2.5541657245245997
-4.7108606030719,-2.523554607711759
-4.742040326697356,-2.49377184937609
-4.76963927592462,-2.446447897027042
-4.812076275672608,-2.415073361598781
-4.853128486498718,-2.3734496799961287
-4.9012390478575005,-2.3445423257363216
-4.945458213220294,-2.3175018435085906
-5.000226696177459,-2.2930288671477475
-5.057082519946862,-2.2679063262175294
-5.113250904586357,-2.2521193014962577
-5.15439660009366,-2.244098349349379
-5.2113510910772245,-2.234609114660902
-5.26906680943731,-2.2216100669190544
-5.277220796389463,-2.224214354378815
-5.282212395197669,-2.223725571835514
-5.29372666803542,-2.221235294527036
-5.288443024134014,-2.2200694117163273
-5.284132970301856,-2.2200815698501053
-5.2901990593692165,-2.2189587740117007
-5.289314378342431,-2.2160822335916297
-5.297506012204763,-2.214761748858989
-5.303346091940757,-2.217183548194924
-5.2964723591917515,-2.2158495739719513
-5.2999089528342935,-2.2207936335229204
-5.295552575812207,-2.2312317624888807
-5.294951528837846,-2.2313526523414695
-5.302683575167422,-2.2175447533206687
-5.300072916635528,-2.186815044919267
-5.298001140401623,-2.1807285785330057
-5.296914742635467,-2.1754496803274757
-5.294050691778287,-2.168517433861453
-5.285277630008501,-2.1611848300692413
-5.281289946830436,-2.1656129341870254
-5.277683873144026,-2.1669163817948824
-5.272975352313481,-2.1612012179044364
-5.274519494656578,-2.175638717856339
-5.2699608015093,-2.175316976435889
-5.269397401634796,-2.187262440189601
-5.2642176317157015,-2.1964233661045522
-5.264203548662331,-2.200403815822765
-5.264796841862637,-2.196251649582915
-5.254088101527486,-2.190333922686198
-5.28551509057528,-2.1930122845195785
-5.286167352299306,-2.189535390555988
-5.295957104162565,-2.2021180398098004
-5.328566728254445,-2.1904859507241996
-5.321335995097891,-2.2020459847948954
-5.32320368435671,-2.222641406760612
-5.324639880755974,-2.2224932591948083
-5.336329527157452,-2.214923891036222
-5.318289279121081,-2.2286922805756233
-5.315289557177566,-2.215478159219958
-5.291459514117057,-2.216673211411677
-5.233032771432181,-2.202405516448861
-5.223613113462778,-2.193689423157091
-5.234875195434916,-2.1893219786479805
-5.2378572353593364,-2.188332861697183
-5.2410430634757805,-2.1869084744155125
-5.275286673794607,-2.175746212926189
-5.223409135559681,-2.176166158523077
-5.160204664565526,-2.185531200776842
-5.061754642611392,-2.193306658628697
-5.000769723662447,-2.2096273885039714
-4.965868045542651,-2.2188879501816605
-4.959391196476279,-2.2205855768786247
-4.960028304448193,-2.2140894652492564
-5.000747161130464,-2.2640122551625206
-4.837908214775307,-2.2812860442348653
-4.761778997432334,-2.293775952911704
-4.719043380419457,-2.3081975212144754
-4.727531709459043,-2.3056167608082774
-4.744570249190185,-2.2915751164944616
-4.7385020809519105,-2.2930367292060505
-4.818651150608136,-2.333483324896286
-4.79555771371791,-2.3360374462388576
-4.735394555150252,-2.3539031826855363
-4.681581117665447,-2.362086394259808
-4.626537014288621,-2.3808548529733256
-4.554846786282615,-2.3691838079762886
-4.49019663911998,-2.371548278462658
-4.48503530229009,-2.355254420022224
-4.468428058800376,-2.356185984901857
-4.442175492715477,-2.3609564838861625
-4.398823234308538,-2.3717093022045184
-4.336871811286863,-2.384260137146553
-4.287058575044196,-2.3968831386971705
-4.227968232180312,-2.407140570828219
-4.18008426293499,-2.419668539477946
-4.135612163601639,-2.4296713110633554
-4.072755905705934,-2.4470461028665573
-4.028481301008729,-2.458649027449711
-3.9539740876951446,-2.4787935829165124
-3.903146991604646,-2.4836106322287606
-3.8528988003507516,-2.489395283553651
-3.8076224552735924,-2.5029771932706444
-3.7672541678988085,-2.513056805608091
-3.7311142711709646,-2.5260716717257927
-3.671179518654764,-2.547475668990946
-3.622864759462614,-2.5664342553262984
-3.5575211958105086,-2.5932797242226373
-3.503962271504086,-2.608203578612498
-3.451285374149822,-2.627560176976132
-3.3876373207391683,-2.65151742025864
-3.328021348270461,-2.6667661164191845
-3.2657108445986576,-2.6815887211783873
-3.201379597948747,-2.6871187744780203
-3.148156915781874,-2.703178080332377
-3.0911119195292494,-2.7111711837044288
-3.022486670674369,-2.724966619678311
-2.952491879663449,-2.733240878272632
-2.898982553460248,-2.730513941493691
-2.853853810550237,-2.7205115151808084
-2.792938014961983,-2.7159088990589995
-2.725863901588609,-2.7172916047984255
-2.640621252388941,-2.708421151013073
-2.2581390903584344,-2.6428861220081536
-2.1948842335985583,-2.635082765956728
-2.1387908417002697,-2.625276491861628
-2.0719819861002065,-2.6188097292288015
-2.0179729640196338,-2.6094698768994533
-1.9641234594656876,-2.6094563126552193
-1.914897758814386,-2.610228089272742
-1.8609321961838978,-2.613620697242236
-1.7982750485607986,-2.614299487909425
-1.7475693331882187,-2.6118001775341884
-1.6903092041389551,-2.611575069753715
-1.6114183528760753,-2.612994199319089
-1.5413983010448182,-2.614042627123965
-1.5143366406870775,-2.613747985047036
-1.5095339766045974,-2.612108070750402
-1.4893240046873701,-2.611568518848566
-1.4953623731272485,-2.610595671353022
-1.4705575027693407,-2.610446899854364
-1.4435630951651721,-2.6057429371999974
-1.3819684702863047,-2.585349142007754
-1.3234001839523104,-2.567528666501038
-1.2846607212203005,-2.5585651458979077
-1.2232461062850843,-2.540988532532566
-1.1513210816591697,-2.5201488206701783
-1.090864036291662,-2.5021273155301684
-1.0239947721678164,-2.483683405933777
-0.989157894449626,-2.4694739065222095
-0.9271476257721346,-2.4531314021546016
-0.8654395282906517,-2.4354631406488756
-0.8136090873202649,-2.4190757544198656
-0.7596319993778644,-2.4055220224836145
-0.7200974632820193,-2.394617676832253
-0.6697523063048983,-2.382072540417561
-0.6053008668398152,-2.3665860535124064
-0.5711069048502041,-2.357692583596039
-0.5623022918874012,-2.352550191836143
-0.5054171260084338,-2.3352125823215926
-0.47984059301293597,-2.328751564286097
-0.4315623442541598,-2.313737134675697
-0.4156948795737779,-2.3076678047584953
-0.43046078620279243,-2.301938836451771
-0.4136283162730181,-2.2968179202452816
-0.3586238857403178,-2.2840017908933694
-0.28122688488401637,-2.2716828069943142
-0.21617668445944213,-2.2644833138280913
-0.14179877595718018,-2.2541861400226373
-0.07582812967213101,-2.2434288474408186
-0.03172759852886197,-2.240170984551529
0.033503618431310514,-2.236764474416774
0.09445103555801479,-2.236145415839525
0.14344233391417877,-2.2319877166196256
0.2182276220308718,-2.229898688948576
0.2929900717777701,-2.225908482874162
0.3250201693511879,-2.2295151486247766
0.4126836335475601,-2.230051556753367
0.4958222420771335,-2.2229711018955443
0.5687177274211164,-2.2247104202462475
0.6195253751012719,-2.2222698043245397
0.6970073094160504,-2.2282370774603426
0.7478981616790387,-2.227985106493484
0.769407992912216,-2.2305796547311973
0.846027687571974,-2.2440437160956814
0.9346645900598398,-2.2521688703351104
1.0278842801301544,-2.258495793177215
1.0650991395773273,-2.26259988209168
1.140032826715253,-2.279760675199502
1.1959810846289973,-2.285516603272624
1.2086292839173656,-2.289213142050076
1.238396693631229,-2.282266342347968
1.2509574673974628,-2.279890360094842
1.3289261519617153,-2.268490022121254
1.3864267422437886,-2.265293927888863
1.4324559045945136,-2.2676459110435556
1.4911140325018373,-2.271419865981595
1.5530867710476437,-2.276903115815319
1.5969361772760153,-2.274907338411704
1.6718526432681242,-2.2717038751560903
1.7371852227580742,-2.2705694628399304
1.8045775978051015,-2.269366770678283
1.870780379525347,-2.269408639198089
1.9417094872777851,-2.265817517828452
2.0168588995594248,-2.262883778734311
2.1042897890104477,-2.258357257781716
2.1525835525855466,-2.254840879945906
2.218194343578311,-2.2568606853944186
2.269284318385448,-2.2496938083621276
2.3074606594096534,-2.2411941434401523
2.368968913259638,-2.2334861184099672
2.443659939845921,-2.217043917062377
2.465322908226484,-2.204102573199207
2.48749745636957,-2.197716893033621
2.496116921355923,-2.196136699830467
2.5117158605348986,-2.191550135771627
2.499878750139343,-2.179943125468803
2.5056564144904914,-2.1593853501050413
